Id,Name,IsFemale,Culture,Aliases/0,Born,Died,Father,Mother,Spouse,Books/0,PlayedBy/0,Allegiances/0,Books/1,Books/2,Books/3,Books/4,TvSeries/0,TvSeries/1,TvSeries/2,TvSeries/3,TvSeries/4,Titles/0,Titles/1,Titles/2,Titles/3,Titles/4,Titles/5,Titles/6,Aliases/1,Aliases/2,Aliases/3,Aliases/4,Children/0,Children/1,Children/2,Children/3,Books/5,Allegiances/1,Books/6,Books/7,Books/8,Books/9,Children/4,Children/5,PovBooks/0,Allegiances/2,Aliases/5,Aliases/6,Aliases/7,Aliases/8,Aliases/9,Aliases/10,Aliases/11,Aliases/12,Aliases/13,Aliases/14,Aliases/15,PovBooks/1,PovBooks/2,PovBooks/3,PovBooks/4,TvSeries/5,PlayedBy/1,PlayedBy/2,Children/6,Children/7,Allegiances/3
1,,true,Braavosi,The Daughter of the Dusk,,,,,,5,,,,,,,,,,,,,,,,,,,,,,,,,,,,,,,,,,,,,,,,,,,,,,,,,,,,,,,,,
2,Walder,false,,Hodor,,,,,,1,Kristian Nairn,362,2,3,5,8,Season 1,Season 2,Season 3,Season 4,Season 6,,,,,,,,,,,,,,,,,,,,,,,,,,,,,,,,,,,,,,,,,,,,,,
3,,false,,Lamprey,,,,,,3,,15,,,,,,,,,,,,,,,,,,,,,,,,,,,,,,,,,,,,,,,,,,,,,,,,,,,,,,,
4,,true,Braavosi,The Merling Queen,,,,,,5,,,8,,,,,,,,,,,,,,,,,,,,,,,,,,,,,,,,,,,,,,,,,,,,,,,,,,,,,,
5,,false,,Old Crackbones,,,,,,5,,,,,,,,,,,,,,,,,,,,,,,,,,,,,,,,,,,,,,,,,,,,,,,,,,,,,,,,,
6,,true,Braavosi,The Poetess,,,,,,5,,,,,,,,,,,,,,,,,,,,,,,,,,,,,,,,,,,,,,,,,,,,,,,,,,,,,,,,,
7,,true,,Porridge,,,,,,3,,15,,,,,,,,,,,,,,,,,,,,,,,,,,,,,,,,,,,,,,,,,,,,,,,,,,,,,,,
8,,false,,Quickfinger,,,,,,6,,23,,,,,,,,,,,,,,,,,,,,,,,,,,,,,,,,,,,,,,,,,,,,,,,,,,,,,,,
9,,true,,the Sailor's Wife,,,,,,5,,,,,,,,,,,,,,,,,,,,,,,,,,,,,,,,,,,,,,,,,,,,,,,,,,,,,,,,,
10,,true,Braavosi,The Veiled Lady,,,,,,5,,,,,,,,,,,,,,,,,,,,,,,,,,,,,,,,,,,,,,,,,,,,,,,,,,,,,,,,,
11,,true,Braavosi,The waif,In 263 AC or 264 AC,,,,,5,Faye Marsay,,8,,,,Season 5,Season 6,,,,,,,,,,,,,,,,,,,,,,,,,,,,,,,,,,,,,,,,,,,,,,,,,
12,Balon Greyjoy,false,,Balon the Brave,,"299 AC, at Pyke",836,,66,1,Patrick Malahide,,2,3,5,8,Season 2,Season 3,Season 6,,,Iron King,King of the Isles and the North,King of Salt and Rock,Son of the Sea Wind,Lord Reaper of Pyke,The Greyjoy,Captain of the Great Kraken,Balon the Blessed,Balon the Twice Crowned,Balon the Widowmaker,The Kraken King,913,718,150,1022,,,,,,,,,,,,,,,,,,,,,,,,,,,,,,,
13,Chayle,false,,,,"In 299 AC, at Winterfell",,,,1,,,2,3,,,,,,,,Septon,,,,,,,,,,,,,,,,,,,,,,,,,,,,,,,,,,,,,,,,,,,,,
14,Gillam,false,,,,,,,,5,,,,,,,,,,,,Brother,,,,,,,,,,,,,,,,,,,,,,,,,,,,,,,,,,,,,,,,,,,,,
15,High Septon,false,,The High Sparrow,,,,,,5,Jonathan Pryce,,8,,,,Season 5,Season 6,,,,High Septon,His High Holiness,Father of the Faithful,Voice of the Seven on Earth,,,,,,,,,,,,,,,,,,,,,,,,,,,,,,,,,,,,,,,,,,
16,Margaery Tyrell,true,Westeros,The Little Queen,"In 283 AC, at Highgarden",,,,862,1,Natalie Dormer,398,2,3,5,8,Season 2,Season 3,Season 4,Season 5,Season 6,Queen of the Seven Kingdoms,,,,,,,The Little Rose,Maid Margaery,,,,,,,,,,,,,,,,,,,,,,,,,,,,,,,,,,,,,
17,Melicent,true,,,,,,,,5,,,,,,,,,,,,Septa,,,,,,,,,,,,,,,,,,,,,,,,,,,,,,,,,,,,,,,,,,,,,
18,Meribald,false,,,"In 247 AC or 248 AC, at the riverlands",,,,,5,,,,,,,,,,,,Septon,,,,,,,,,,,,,,,,,,,,,,,,,,,,,,,,,,,,,,,,,,,,,
19,Moelle,true,,,,,,,,5,,,8,,,,,,,,,Septa,,,,,,,,,,,,,,,,,,,,,,,,,,,,,,,,,,,,,,,,,,,,,
20,Mordane,true,,,,"In 298 AC, at King's Landing",,,,1,Susan Brown,362,2,3,,,Season 1,,,,,Septa,,,,,,,,,,,,,,,,,,,,,,,,,,,,,,,,,,,,,,,,,,,,,
21,Nysterica,true,,,,,,,,3,,,5,8,,,,,,,,Septa,,,,,,,,,,,,,,,,,,,,,,,,,,,,,,,,,,,,,,,,,,,,,
22,Ollidor,false,,,,,,,,5,,,8,,,,,,,,,Septon,,,,,,,,,,,,,,,,,,,,,,,,,,,,,,,,,,,,,,,,,,,,,
23,Osmynd,false,,,,,,,,2,,,,,,,,,,,,Septon,,,,,,,,,,,,,,,,,,,,,,,,,,,,,,,,,,,,,,,,,,,,,
24,Raynard,false,,,,,,,,5,,,8,,,,,,,,,Septon,,,,,,,,,,,,,,,,,,,,,,,,,,,,,,,,,,,,,,,,,,,,,
25,Scolera,true,,,,,,,,5,,,8,,,,,,,,,Septa,,,,,,,,,,,,,,,,,,,,,,,,,,,,,,,,,,,,,,,,,,,,,
26,Torbert,false,,,,,,,,5,,,8,,,,,,,,,Septon,,,,,,,,,,,,,,,,,,,,,,,,,,,,,,,,,,,,,,,,,,,,,
27,Tywin Lannister,false,,The Lion of Lannister,In 242 AC,"In 300 AC, at King's Landing",,,562,1,Charles Dance,229,2,3,5,8,Season 1,Season 2,Season 3,Season 4,,Lord of Casterly Rock,Shield of Lannisport,Warden of the West,Hand of the King,Savior of the City (of King's Landing),,,The Old Lion,The Great Lion of the Rock,,,,,,,11,,,,,,,,,,,,,,,,,,,,,,,,,,,,,,
28,Unella,true,,,,,,,,5,Hannah Waddingham,,8,,,,Season 5,Season 6,,,,Septa,,,,,,,,,,,,,,,,,,,,,,,,,,,,,,,,,,,,,,,,,,,,,
29,Abelar Hightower,false,,,,,,,,4,,195,,,,,,,,,,Ser,,,,,,,,,,,,,,,,,,,,,,,,,,,,,,,,,,,,,,,,,,,,,
30,Addam Frey,false,,,,,,,,7,,143,,,,,,,,,,Ser,,,,,,,,,,,,,,,,,,,,,,,,,,,,,,,,,,,,,,,,,,,,,
31,Addam Marbrand,false,,,,,,,,1,B.J. Hogg,258,2,3,5,8,Season 1,,,,,Ser,Commander of the City Watch,,,,,,,,,,,,,,,,,,,,,,,,,,,,,,,,,,,,,,,,,,,,
32,Addam Osgrey,false,,,In 183 AC or 184 AC,"In 196 AC, at Redgrass Field",,,,6,,291,,,,,,,,,,,,,,,,,,,,,,,,,,,,,,,,,,,,,,,,,,,,,,,,,,,,,,,
33,Addam Velaryon,false,Valyrian,Addam of Hull,"In 114 AC, at Hull","In 130 AC, at Tumbleton",,,,11,,407,9,,,,,,,,,Ser,,,,,,,,,,,,,,,,378,,,,,,,,,,,,,,,,,,,,,,,,,,,,,
34,Addison Hill,false,,The Bastard of Cornfield,At Cornfield,,,,,11,,374,5,,,,,,,,,Ser,Lord Commander of the Kingsguard,,,,,,,,,,,,,,,,,,,,,,,,,,,,,,,,,,,,,,,,,,,,
35,Aegon Blackfyre,false,Valyrian,,In 184 AC,"In 196 AC, at Redgrass Field",,,,6,,23,7,3,,,,,,,,,,,,,,,,,,,,,,,,,,,,,,,,,,,,,,,,,,,,,,,,,,,,,
36,Aegon Frey,false,,Jinglebell,In 249 AC (roughly),"In 299 AC, at the Twins",,,,2,,143,3,5,,,,,,,,,,,,,,,,,,,,,,,,,,,,,,,,,,,,,,,,,,,,,,,,,,,,,
37,Aegon Frey,false,,Aegon Bloodborn,In or between 253 AC and 272 AC,,,,,2,,143,3,5,8,,,,,,,,,,,,,,,,,,,,,,,,,,,,,,,,,,,,,,,,,,,,,,,,,,,,
38,Aegon I,false,,Aegon the Conqueror,"27 BC, at Dragonstone","37 AC, at Dragonstone",59,1070,2071,11,,,9,4,6,7,,,,,,King of All Westeros,Shield of His People,"King of the Andals, the Rhoynar and the First Men",Lord of the Seven Kingdoms,Protector of the Realm,Lord of Dragonstone,,Aegon the Dragon,Aegon the Dragonlord,,,57,694,,,1,,2,3,5,8,,,,,,,,,,,,,,,,,,,,,,,,,
39,Aegon II,false,,Aegon the Elder,"107 AC, at King's Landing","131 AC, at King's Landing",1076,76,488,11,,,10,9,1,3,,,,,,"King of the Andals, the Rhoynar and the First Men",Lord of the Seven Kingdoms,Protector of the Realm,,,,,Aegon the Usurper,,,,1528,1527,696,,5,,,,,,,,,,,,,,,,,,,,,,,,,,,,,,
40,Aegon III,false,Valyrian,Aegon the Younger,"120 AC, at Dragonstone","157 AC, at King's Landing",269,874,1527,11,,,10,9,4,1,,,,,,"King of the Andals, the Rhoynar and the First Men",Lord of the Seven Kingdoms,Protector of the Realm,,,,,Aegon the Dragonbane,Aegon the Unlucky,The Broken King,,273,160,270,872,3,,,,,,1358,,,,,,,,,,,,,,,,,,,,,,,,
41,Aegon IV,false,,Aegon the Unworthy,"135 AC, at King's Landing","184 AC, at King's Landing",,,779,11,,,4,7,1,3,,,,,,"King of the Andals, the Rhoynar and the First Men",Lord of the Seven Kingdoms,Protector of the Realm,,,,,,,,,274,271,267,47,,,,,,,1242,1944,,,,,,,,,,,,,,,,,,,,,,,
42,Aegon Targaryen,false,Valyrian,Young Griff,"In 281 AC or 282 AC, at Dragonstone","In 283 AC (Supposedly), at King's Landing",,,,11,,378,1,2,3,5,,,,,,,,,,,,,,,,,,,,,8,,,,,,,,,,,,,,,,,,,,,,,,,,,,,,
43,Aegon Targaryen,false,Valyrian,,In 26 AC,"In 43 AC, at Gods Eye",,,873,11,,378,,,,,,,,,,Prince,,,,,,,,,,,,,,,,,,,,,,,,,,,,,,,,,,,,,,,,,,,,,
44,Aegon Targaryen,false,Valyrian,,,,,,,11,,378,,,,,,,,,,Prince,,,,,,,,,,,,,,,,,,,,,,,,,,,,,,,,,,,,,,,,,,,,,
45,Aegon Targaryen,false,Valyrian,,In or between 50 AC and 59 AC,,,,,11,,378,,,,,,,,,,Prince,,,,,,,,,,,,,,,,,,,,,,,,,,,,,,,,,,,,,,,,,,,,,
46,Aegon V,false,,Aegon the Unlikely,"200 AC, at King's Landing","259 AC, at Summerhall",695,334,195,4,,,6,7,11,1,,,,,,"King of the Andals, the Rhoynar and the First Men",Lord of the Seven Kingdoms,Protector of the Realm,,,,,Aegon the Fortunate,The Prince Who Was An Eggg,,,330,527,971,870,2,,3,5,8,,,,,,,,,,,,,,,,,,,,,,,,,,
47,Aegor Rivers,false,,Bittersteel,In 172 AC,"In 241 AC, at the Disputed Lands",,,226,6,,37,7,5,8,11,,,,,,Ser,,,,,,,,,,,,,,,,23,,,,,,,,,,,,,,,,,,,,,,,,,,,,,
48,Aelinor Penrose,true,Valyrian,,,,,,61,11,,300,6,,,,,,,,,Queen,,,,,,,,,,,,,,,,378,,,,,,,,,,,,,,,,,,,,,,,,,,,,,
49,Aemma Arryn,true,,,In 82 AC,In 105 AC,,,1076,11,,7,10,9,,,,,,,,Queen,,,,,,,,,,,,,,,,378,,,,,,,,,,,,,,,,,,,,,,,,,,,,,
50,Aemon Blackfyre,false,Valyrian,,In 184 AC,"In 196 AC, at Redgrass Field",,,,6,,23,7,3,,,,,,,,,,,,,,,,,,,,,,,,,,,,,,,,,,,,,,,,,,,,,,,,,,,,,
51,Aemon Costayne,false,,,,,,,,3,,83,,,,,,,,,,,,,,,,,,,,,,,,,,,,,,,,,,,,,,,,,,,,,,,,,,,,,,,
52,Aemon Estermont,false,Stormlands,,,,,,,2,,117,3,5,8,,,,,,,Ser,,,,,,,,,,,,,,,,,,,,,,,,,,,,,,,,,,,,,,,,,,,,,
53,Aemon Rivers,false,,,,,,,,2,,143,3,5,,,,,,,,Ser,,,,,,,,,,,,,,,,,,,,,,,,,,,,,,,,,,,,,,,,,,,,,
54,Aemon Targaryen,false,Valyrian,Aemon Targaryen,"In 198 AC, at King's Landing","In 300 AC, at the Cinnamon Wind, off the coast of Dorne, at the Summer Sea",,,,4,Peter Vaughan,,6,7,1,2,Season 1,Season 3,Season 4,Season 5,,Maester,,,,,,,Maester Aemon,Uncle Maester,,,,,,,3,,5,8,,,,,,,,,,,,,,,,,,,,,,,,,,,
55,Aemond Targaryen,false,Valyrian,Aemond One-Eye Aemond the Kinslayer,In 110 AC,"In 130 AC, at the Gods Eye",,,,11,,378,10,9,8,,,,,,,Prince,Protector of the Realm,Prince Regent,,,,,,,,,,,,,,,,,,,,,,,,,,,,,,,,,,,,,,,,,,,
56,Aenys Frey,false,,,In or between 240 AC and 247 AC,"In 300 AC, at Near Winterfell",,,1045,1,,143,2,3,5,8,,,,,,Ser,,,,,,,,,,,,,,,,,,,,,,,,,,,,,,,,,,,,,,,,,,,,,
57,Aenys I,false,,,"7 AC, at Dragonstone","42 AC, at Dragonstone",38,1874,110,11,,,1,,,,,,,,,"King of the Andals, the Rhoynar and the First Men",Lord of the Seven Kingdoms,Protector of the Realm,,,,,,,,,873,43,526,105,,,,,,,,,,,,,,,,,,,,,,,,,,,,,,,
58,Aerion Targaryen,false,Valyrian,Brightflame,In or between 191 AC and 194 AC,In 232 AC,,,272,11,,378,4,6,7,2,,,,,,Prince,,,,,,,Aerion the Monstrous,The Bright Prince,The Prince Who Thought He Was a Dragon,,,,,,3,,8,,,,,,,,,,,,,,,,,,,,,,,,,,,,
59,Aerion Targaryen,false,Valyrian,,At Dragonstone,At Dragonstone,,,1070,11,,378,,,,,,,,,,Lord of Dragonstone,,,,,,,,,,,,,,,,,,,,,,,,,,,,,,,,,,,,,,,,,,,,,
60,Aeron Greyjoy,false,Ironborn,The Damphair,"In or between 269 AC and 273 AC, at Pyke",,,,,1,Michael Feast,169,2,3,8,,Season 6,,,,,Priest of the Drowned God,Captain of the Golden Storm (formerly),,,,,,Aeron Damphair,,,,,,,,,,,,,,,,5,,,,,,,,,,,,,,,,,,,,,,
61,Aerys I,false,,,"or between 172 AC and 176 AC, at King's Landing",221 AC,274,709,48,11,,,4,6,7,1,,,,,,"King of the Andals, the Rhoynar, and the First Men",Lord of the Seven Kingdoms,Protector of the Realm,,,,,,,,,,,,,,,,,,,,,,,,,,,,,,,,,,,,,,,,,,,
62,Aerys II,false,,The Mad King,"244 AC, at King's Landing","283 AC, at the Red Keep in King's Landing",527,971,869,11,David Rintoul,,1,2,3,5,Season 6,,,,,"King of the Andals, the Rhoynar and the First Men",Lord of the Seven Kingdoms,Protector of the Realm,,,,,King Scab,,,,867,1079,1303,,8,,,,,,,,,,,,,,,,,,,,,,,,,,,,,,
63,Aglantine,true,,,,,,,,5,,,8,,,,,,,,,Septa,,,,,,,,,,,,,,,,,,,,,,,,,,,,,,,,,,,,,,,,,,,,,
64,Aladale Wynch,false,Ironborn,,,"In 300 AC, at Bridge of Skulls",,,,2,,439,3,,,,,,,,,Ser,,,,,,,,,,,,,,,,,,,,,,,,,,,,,,,,,,,,,,,,,,,,,
65,Alan,false,,Alan o' the Oak,In Age of Heroes,,,,,11,,443,,,,,,,,,,,,,,,,,The Blind Bowman,,,,,,,,,,,,,,,,,,,,,,,,,,,,,,,,,,,,,,
66,Alannys Harlaw,true,Ironborn,Lanny,,,,,12,1,,169,2,5,8,,,,,,,Queen of the Iron Islands,,,,,,,,,,,,,,,,178,,,,,,,,,,,,,,,,,,,,,,,,,,,,,
67,Albar Royce,false,,,,,,,,1,,329,2,3,5,8,,,,,,Ser,,,,,,,,,,,,,,,,,,,,,,,,,,,,,,,,,,,,,,,,,,,,,
68,Alekyne Florent,false,,,,,,,,2,,133,3,5,,,,,,,,Lord of Brightwater (attainted),,,,,,,,,,,,,,,,,,,,,,,,,,,,,,,,,,,,,,,,,,,,,
69,Alerie Hightower,true,,,"In or between 257 AC and 263 AC, at Oldtown",,,,691,1,,195,2,3,5,8,,,,,,Lady of Highgarden,,,,,,,,,,,,,,,,398,,,,,,,,,,,,,,,,,,,,,,,,,,,,,
70,Alesander Frey,false,,,In or between 265 AC and 281 AC,,,,,2,,143,3,5,,,,,,,,,,,,,,,,,,,,,,,,,,,,,,,,,,,,,,,,,,,,,,,,,,,,,
71,Alesander Staedmon,false,,the Pennylover,,,,,,2,,360,3,5,,,,,,,,Lord of Broad Arch,,,,,,,,,,,,,,,,,,,,,,,,,,,,,,,,,,,,,,,,,,,,,
72,Alester Florent,false,,,At Brightwater Keep,"In 300 AC, at Dragonstone",,,738,2,,133,3,8,,,,,,,,Lord of Brightwater,Hand of the King,,,,,,,,,,,,,,,,,,,,,,,,,,,,,,,,,,,,,,,,,,,,
73,Alester Norcross,false,,,In 290 AC or 291 AC,,,,,2,,281,3,5,,,,,,,,,,,,,,,,,,,,,,,,,,,,,,,,,,,,,,,,,,,,,,,,,,,,,
74,Alester Oakheart,false,,,,At Prince's Pass,,,,5,,286,,,,,,,,,,,,,,,,,,,,,,,,,,,,,,,,,,,,,,,,,,,,,,,,,,,,,,,
75,Alester Tyrell,false,Andal,,,,,,,11,,398,,,,,,,,,,Ser,,,,,,,,,,,,,,,,145,,,,,,,,,,,,,,,,,,,,,,,,,,,,,
76,Alicent Hightower,true,,,In 88 AC,In 133 AC,,,1076,11,,195,10,9,,,,,,,,Lady,Queen,Dowager Queen,,,,,,,,,,,,,,378,,,,,,,,,,,,,,,,,,,,,,,,,,,,,
77,Alla Tyrell,true,,,In or around 286 AC (roughly),,,,,3,,398,5,8,,,,,,,,,,,,,,,,,,,,,,,,,,,,,,,,,,,,,,,,,,,,,,,,,,,,,
78,Allar Deem,false,,,,"In 299 AC, at The Narrow Sea",,,,2,,,3,,,,,,,,,,,,,,,,,,,,,,,,,,,,,,,,,,,,,,,,,,,,,,,,,,,,,,
79,Alliser Thorne,false,,,In 248 AC (roughly),,,,,1,Owen Teale,386,2,3,5,8,Season 1,Season 4,Season 5,Season 6,,Ser,,,,,,,,,,,,,,,,,,,,,,,,,,,,,,,,,,,,,,,,,,,,,
80,Allyria Dayne,true,,,,,,,,3,,99,,,,,,,,,,,,,,,,,,,,,,,,,,,,,,,,,,,,,,,,,,,,,,,,,,,,,,,
81,Alyce Graceford,true,,,,,,,,3,,159,5,8,,,,,,,,Lady,,,,,,,,,,,,,,,,,,,,,,,,,,,,,,,,,,,,,,,,,,,,,
82,Alyn Ambrose,false,,,,,,,,2,,4,3,5,8,,,,,,,,,,,,,,,,,,,,,,,,,,,,,,,,,,,,,,,,,,,,,,,,,,,,
83,Alyn Cockshaw,false,,,,"In 211 AC, at Whitewalls",,,,11,,74,7,,,,,,,,,Lord,,,,,,,,,,,,,,,,23,,,,,,,,,,,,,,,,,,,,,,,,,,,,,
84,Alyn Connington,false,,The Pale Griffin,,,,,,3,,80,5,,,,,,,,,Ser,Lord Commander of the Kingsguard,,,,,,,,,,,,,,,,,,,,,,,,,,,,,,,,,,,,,,,,,,,,
85,Alyn Estermont,false,Stormlands,,,,,,,2,,117,3,5,8,,,,,,,Ser,,,,,,,,,,,,,,,,,,,,,,,,,,,,,,,,,,,,,,,,,,,,,
86,Alyn Frey,false,,,In 295 AC or 296 AC,,,,,2,,143,3,5,,,,,,,,,,,,,,,,,,,,,,,,,,,,,,,,,,,,,,,,,,,,,,,,,,,,,
87,Alyn Haigh,false,,,In or between 256 AC or 291 AC,,,,,2,,172,3,5,,,,,,,,,,,,,,,,,,,,,,,,,,,,,,,,,,,,,,,,,,,,,,,,,,,,,
88,Alyn Hunt,false,,,,,,,,5,,206,,,,,,,,,,Ser,,,,,,,,,,,,,,,,,,,,,,,,,,,,,,,,,,,,,,,,,,,,,
89,Alyn Stackspear,false,,,,,,,,1,,359,2,3,5,8,,,,,,Ser,,,,,,,,,,,,,,,,,,,,,,,,,,,,,,,,,,,,,,,,,,,,,
90,Alyn Tarbeck,false,,,,"In 43 AC, at Gods Eye",,,560,11,,377,,,,,,,,,,Lord of Tarbeck Hall,,,,,,,,,,,,,,,,,,,,,,,,,,,,,,,,,,,,,,,,,,,,,
91,Alyn Velaryon,false,Valyrian,Alyn of Hull,"In 115 AC or later, at Hull, Driftmark","In or between 171 AC and 176 AC, at sea",,,154,11,,407,9,5,8,,,,,,,Lord of the Tides,Master of Driftmark,Admiral,Master of ships,,,,The Oakenfist,Lord Oakenfist,,,,,,,,378,,,,,,,,,,,,,,,,,,,,,,,,,,,,,
92,Alys Arryn,true,,,In or between 218 AC and 249 AC,,,,373,5,,7,,,,,,,,,,,,,,,,,,,,,,,,,,417,,,,,,,,,,,,,,,,,,,,,,,,,,,,,
93,Alys Arryn,true,,,,,,,868,11,,7,,,,,,,,,,,,,,,,,,,,,,,,,,378,,,,,,,,,,,,,,,,,,,,,,,,,,,,,
94,Alys Beesbury,true,,,,,,,624,3,,18,5,,,,,,,,,,,,,,,,,,,,,,,,,,,,,,,,,,,,,,,,,,,,,,,,,,,,,,
95,Alys Frey,true,,,,,,,535,2,,143,3,5,,,,,,,,,,,,,,,,,,,,,,,,,,,,,,,,,,,,,,,,,,,,,,,,,,,,,
96,Alys Karstark,true,Northmen,,"In 284 AC or 285 AC, at Karhold",,,,980,3,,215,5,8,,,,,,,,,,,,,,,,,,,,,,,,385,,,,,,,,,,,,,,,,,,,,,,,,,,,,,
97,Alys Karstark,true,Northmen,,,,,,207,11,,215,,,,,,,,,,Lady of Winterfell,,,,,,,,,,,,,,,,362,,,,,,,,,,,,,,,,,,,,,,,,,,,,,
98,Alys Karstark,true,Northmen,,,,,,143,11,,215,,,,,,,,,,,,,,,,,,,,,,,,,,362,,,,,,,,,,,,,,,,,,,,,,,,,,,,,
99,Alysane Mormont,true,Northmen,The Young She-Bear,In or between ~273 AC and 278 AC,,,,,5,,271,8,,,,,,,,,,,,,,,,,,,,,,,,,,,,,,,,,,,,,,,,,,,,,,,,,,,,,,
100,Alysanne Bulwer,true,,,In 291 AC,,,,,3,,52,5,8,,,,,,,,Lady of Blackcrown,,,,,,,,,,,,,,,,,,,,,,,,,,,,,,,,,,,,,,,,,,,,,
101,Alysanne Farman,true,,,,,,,422,11,,120,,,,,,,,,,Lady,,,,,,,,,,,,,,,,229,,,,,,,,,,,,,,,,,,,,,,,,,,,,,
102,Alysanne Hightower,true,,,,,,,141,5,,195,,,,,,,,,,,,,,,,,,,,,,,,,,4,,,,,,,,,,,,,,,,,,,,,,,,,,,,,
103,Alysanne Lefford,true,,,,,,,,5,,234,8,,,,,,,,,Lady of Golden Tooth,,,,,,,,,,,,,,,,,,,,,,,,,,,,,,,,,,,,,,,,,,,,,
104,Alysanne Osgrey,true,,,In 188 AC or 189 AC,"In 209 AC, at King's Landing",,,,6,,291,,,,,,,,,,,,,,,,,,,,,,,,,,,,,,,,,,,,,,,,,,,,,,,,,,,,,,,
105,Alysanne Targaryen,true,,Good Queen Alysanne,36 AC,99 AC or 100 AC,57,110,526,11,,,10,3,,,,,,,,Queen,,,,,,,,,,,45,109,157,265,,,,,,,951,,,,,,,,,,,,,,,,,,,,,,,,
106,Alysanne Tarth,true,,,,,,,,5,,380,,,,,,,,,,,,,,,,,,,,,,,,,,,,,,,,,,,,,,,,,,,,,,,,,,,,,,,
107,Alyssa Arryn,true,,,,,,,,1,,7,,,,,,,,,,,,,,,,,,,,,,,,,,,,,,,,,,,,,,,,,,,,,,,,,,,,,,,
108,Alyssa Blackwood,true,,,In 253 AC or before,In or between 269 AC and 278 AC,,,1093,2,,27,3,5,8,,,,,,,Lady,,,,,,,,,,,,,,,,143,,,,,,,,,,,,,,,,,,,,,,,,,,,,,
109,Alyssa Targaryen,true,Valyrian,,In or between 51 AC and 60 AC,,,,157,11,,378,,,,,,,,,,Princess,,,,,,,,,,,,,,,,,,,,,,,,,,,,,,,,,,,,,,,,,,,,,
110,Alyssa Velaryon,true,Valyrian,,In 7 AC,,,,57,11,,407,,,,,,,,,,Lady,Queen,Dowager Queen,Queen Regent,Lady of Storm's End,,,,,,,,,,,,378,,,,,,,,17,,,,,,,,,,,,,,,,,,,,,
111,Alyx Frey,true,,,In 282 AC,,1004,1217,,2,,143,3,5,,,,,,,,,,,,,,,,,,,,,,,,,,,,,,,,,,,,,,,,,,,,,,,,,,,,,
112,Amarei Crakehall,true,,,In 245 AC or before,In 264 AC,,,1093,2,,86,3,5,8,,,,,,,,,,,,,,,,,,,,,,,143,,,,,,,,,,,,,,,,,,,,,,,,,,,,,
113,Ambrose Butterwell,false,,Old Milkblood,In 160 AC or 161 AC,,,,2054,6,,55,7,,,,,,,,,Lord of Whitewalls,Hand of the King,,,,,,The lord of cows,Lord Butterbutt,,,,,,,,,,,,,,,,,,,,,,,,,,,,,,,,,,,,,
114,Amerei Frey,true,,Gatehouse Ami,In 282 AC,,,,1799,2,,143,3,5,,,,,,,,Lady of Darry,,,,,,,,,,,,,,,,230,,,,,,,,,,,,,,,,,,,,,,,,,,,,,
115,Amory Lorch,false,,The Manticore,,"In 299 AC, at Harrenhal",,,,1,Fintan McKeown,245,2,3,5,8,Season 2,,,,,Ser,Castellan of Harrenhal,,,,,,,,,,,,,,,229,,,,,,,,,,,,,,,,,,,,,,,,,,,,,
116,Andar Royce,false,Valemen,,At Runestone,,,,,1,,328,2,3,5,8,,,,,,Ser,,,,,,,,,,,,,,,,,,,,,,,,,,,,,,,,,,,,,,,,,,,,,
117,Anders Yronwood,false,,,,,,,,3,,444,5,8,,,,,,,,Lord of Yronwood,The Bloodroyal,Warden of the Stone Way,,,,,,,,,,,,,,,,,,,,,,,,,,,,,,,,,,,,,,,,,,,
118,Andrew Estermont,false,,,,,,,,2,,117,3,5,8,,,,,,,Ser,,,,,,,,,,,,,,,,,,,,,,,,,,,,,,,,,,,,,,,,,,,,,
119,Andrey Charlton,false,,,,"In 299 AC, at the Riverlands",,,,2,,68,,,,,,,,,,Ser,,,,,,,,,,,,,,,,,,,,,,,,,,,,,,,,,,,,,,,,,,,,,
120,Andros Brax,false,,,,"In 298 AC, at Riverrun",,,,1,,40,3,,,,,,,,,Lord of Hornvale,,,,,,,,,,,,,,,,,,,,,,,,,,,,,,,,,,,,,,,,,,,,,
121,Androw Ashford,false,Reach,,At Ashford,,,,,4,,8,,,,,,,,,,Ser,,,,,,,,,,,,,,,,,,,,,,,,,,,,,,,,,,,,,,,,,,,,,
122,Androw Frey,false,,,In 295 AC or 296 AC,,,,,2,,143,3,5,,,,,,,,,,,,,,,,,,,,,,,,,,,,,,,,,,,,,,,,,,,,,,,,,,,,,
123,Annara Farring,true,,,,,,,1093,2,,121,3,5,8,,,,,,,Lady,,,,,,,,,,,,,,,,143,,,,,,,,,,,,,,,,,,,,,,,,,,,,,
124,Antario Jast,false,,,,,,,616,2,,212,3,5,8,,,,,,,Lord,,,,,,,,,,,,,,,,,,,,,,,,,,,,,,,,,,,,,,,,,,,,,
125,Anya Waynwood,true,,,,,,,,1,Paola Dionisotti,417,2,3,5,8,Season 4,,,,,Lady of Ironoaks,,,,,,,,,,,,,,,,,,,,,,,,,,,,,,,,,,,,,,,,,,,,,
126,Archibald Yronwood,false,,Big Man,,,,,,8,,444,,,,,,,,,,Ser,,,,,,,Ser Greenguts,,,,,,,,,,,,,,,,,,,,,,,,,,,,,,,,,,,,,,
127,Ardrian Celtigar,false,,the Red Crab,In 229 AC or later,,,,,2,,65,3,,,,,,,,,Lord of Claw Isle,,,,,,,,,,,,,,,,,,,,,,,,,,,,,,,,,,,,,,,,,,,,,
128,Argella Durrandon,true,,,,,,,797,11,,109,1,,,,,,,,,Princess,Storm Queen,Lady of Storm's End,,,,,,,,,,,,,,17,,,,,,,,,,,,,,,,,,,,,,,,,,,,,
129,Argilac Durrandon,false,,Argilac the Arrogant,,"2 BC, at south of Bronzegate in the Last Storm",,,,11,,,1,,,,,,,,,Storm King,,,,,,,,,,,128,,,,,,,,,,,,,,,,,,,,,,,,,,,,,,,,,,
130,Arianne Martell,true,Dornish,,"In 276 AC, at Sunspear",,,,,1,,285,2,3,8,,,,,,,Princess of Dorne,,,,,,,,,,,,,,,,,,,,,,,5,,,,,,,,,,,,,,,,,,,,,,
131,Arianne Tarth,true,,,,,,,,5,,380,,,,,,,,,,,,,,,,,,,,,,,,,,,,,,,,,,,,,,,,,,,,,,,,,,,,,,,
132,Arlan of Pennytree,false,,,"In or between 149 AC and 153 AC, at Pennytree","In 209 AC, at the Reach",,,,4,,,6,7,,,,,,,,Ser,,,,,,,,,,,,,,,,,,,,,,,,,,,,,,,,,,,,,,,,,,,,,
133,Armond Caswell,false,,,,,,,,7,,63,,,,,,,,,,Lord of Bitterbridge,,,,,,,,,,,,,,,,,,,,,,,,,,,,,,,,,,,,,,,,,,,,,
134,Arnolf Karstark,false,Northmen,Lord Arnolf,At Karhold,,,,,5,,215,8,,,,,,,,,Castellan of Karhold,,,,,,,,,,,,,,,,,,,,,,,,,,,,,,,,,,,,,,,,,,,,,
135,Aron Santagar,false,Dornish,,,"In 299 AC, at King's Landing",,,,1,,337,2,5,,,,,,,,Ser,Master-at-arms of the Red Keep,,,,,,,,,,,,,,,,,,,,,,,,,,,,,,,,,,,,,,,,,,,,
136,Arra Norrey,true,Northern mountain clans,,,,,,259,11,,282,,,,,,,,,,Lady of Winterfell,,,,,,,,,,,,,,,,362,,,,,,,,,,,,,,,,,,,,,,,,,,,,,
137,Arrec Durrandon,false,,,,,,,,11,,,1,,,,,,,,,Storm King,,,,,,,,,,,,,,,,,,,,,,,,,,,,,,,,,,,,,,,,,,,,,
138,Arron Qorgyle,false,,,,,,,,3,,311,5,,,,,,,,,Ser,,,,,,,,,,,,,,,,,,,,,,,,,,,,,,,,,,,,,,,,,,,,,
139,Arstan Selmy,false,Westeros,,,,,,,8,,341,,,,,,,,,,Lord of Harvest Hall,,,,,,,,,,,,,,,,,,,,,,,,,,,,,,,,,,,,,,,,,,,,,
140,Arthor Karstark,false,Northmen,,,,,,,8,,215,,,,,,,,,,,,,,,,,,,,,,,,,,,,,,,,,,,,,,,,,,,,,,,,,,,,,,,
141,Arthur Ambrose,false,,,,,,,102,3,,4,5,8,,,,,,,,Lord,,,,,,,,,,,,,,,,,,,,,,,,,,,,,,,,,,,,,,,,,,,,,
142,Arthur Dayne,false,,,,"In 283 AC, at the Tower of Joy",,,,1,Luke Roberts,99,2,3,5,8,Season 6,,,,,Ser,Sword of the Morning,,,,,,,,,,,,,,11,,,,,,,,,,,,,,,,,,,,,,,,,,,,,,
143,Artos Stark,false,Northmen,Artos the Implacable,,,,,98,11,,362,2,8,,,,,,,,,,,,,,,,,,,,,,,,,,,,,,,,,,,,,,,,,,,,,,,,,,,,,
144,Artys I Arryn,false,Andal,Falcon Knight,", at Giant's Lance",,,,,11,,,,,,,,,,,,King of Mountain and Vale,Ser,,,,,,Winged Knight,,,,,,,,,,,,,,,,,,,,,,,,,,,,,,,,,,,,,,
145,Arwood Frey,false,,,In or between 263 AC and 281 AC,,501,173,948,2,,143,3,5,,,,,,,,Ser,,,,,,,,,,,,,,,,,,,,,,,,,,,,,,,,,,,,,,,,,,,,,
146,Arwyn Frey,true,,,In 285 AC,,,,,2,,143,3,5,8,,,,,,,,,,,,,,,,,,,,,,,,,,,,,,,,,,,,,,,,,,,,,,,,,,,,
147,Arwyn Oakheart,true,,,,,,,,1,,286,2,3,5,8,,,,,,Lady of Old Oak,,,,,,,,,,,,,,,,,,,,,,,,,,,,,,,,,,,,,,,,,,,,,
148,Arya Stark,true,Northmen,Arya Horseface,"In 289 AC, at Winterfell",,,,,,Maisie Williams,362,,,,,Season 1,Season 2,Season 3,Season 4,Season 5,Princess,,,,,,,Arya Underfoot,Arry,Lumpyface,Lumpyhead,,,,,,,,,,,,,1,,Stickboy,Weasel,Nymeria,Squan,Saltb,Cat of the Canaly,Bets,The Blind Girh,The Ugly Little Girl,Mercedenl,Mercye,2,3,5,8,Season 6,,,,,
149,Arys Oakheart,false,Reach,,At Old Oak,"In 300 AC, at the Greenblood",,,,1,,286,2,3,8,,,,,,,Ser,,,,,,,,,,,,,,,,,,,,,,,5,,,,,,,,,,,,,,,,,,,,,,
150,Asha Greyjoy,true,Ironborn,Esgred,"In 275 AC or 276 AC, at Pyke",,,,1372,1,Gemma Whelan,169,2,,,,Season 2,Season 3,Season 4,,,Princess,Captain of the Black Wind,Conqueror of Deepwood Motte,,,,,The Kraken's Daughter,,,,,,,,,210,,,,,,,5,,,,,,,,,,,,,8,,,,,,,,,
151,Ashara Dayne,true,,,,"In 283 AC, at Starfall",,,,1,,99,2,3,8,,,,,,,,,,,,,,,,,,,,,,,,,,,,,,,,,,,,,,,,,,,,,,,,,,,,
152,Aubrey Ambrose,false,,,,,,,,6,,4,,,,,,,,,,Ser,,,,,,,,,,,,,,,,,,,,,,,,,,,,,,,,,,,,,,,,,,,,,
153,Axell Florent,false,,,,,,,,2,,133,3,5,8,,,,,,,Ser,Hand of the Queen (self-styled),,,,,,,,,,,,,,,,,,,,,,,,,,,,,,,,,,,,,,,,,,,,
154,Baela Targaryen,true,Valyrian,,"In 116 AC, at Pentos",,,,91,11,,378,10,9,,,,,,,,Lady,,,,,,,,,,,,,,,,407,,,,,,,,,,,,,,,,,,,,,,,,,,,,,
155,Baelon Targaryen,false,Valyrian,,At Dragonstone,,,,,11,,378,,,,,,,,,,,,,,,,,,,,,,,,,,,,,,,,,,,,,,,,,,,,,,,,,,,,,,,
156,Baelon Targaryen,false,Valyrian,Heir for a Day,"In 105 AC, at King's Landing","In 105 AC, at King's Landing",,,,10,,378,,,,,,,,,,Prince,,,,,,,,,,,,,,,,,,,,,,,,,,,,,,,,,,,,,,,,,,,,,
157,Baelon Targaryen,false,Valyrian,Baelon the Brave,In or between 53 AC and 64 AC,In 101 AC,,,109,11,,378,10,9,,,,,,,,Prince of Dragonstone,Hand of the King,,,,,,The Spring Prince,,,,,,,,,,,,,,,,,,,,,,,,,,,,,,,,,,,,,,
158,Baelor Blacktyde,false,Ironborn,,,"In 300 AC, at Old Wyk",,,,2,,26,3,5,,,,,,,,Lord of Blacktyde,Captain of the Nightflyer,,,,,,,,,,,,,,,,,,,,,,,,,,,,,,,,,,,,,,,,,,,,
159,Baelor Hightower,false,,Baelor Brightsmile,At Oldtown,,,,880,3,,195,5,,,,,,,,,Ser,,,,,,,Baelor Breakwind,,,,,,,,,,,,,,,,,,,,,,,,,,,,,,,,,,,,,,
160,Baelor I,false,,Baelor the Beloved,"144 AC, at King's Landing","171 AC, at King's Landing",40,1302,270,11,,,6,1,3,5,,,,,,"King of the Andals, the Rhoynar and the First Men",Lord of the Seven Kingdoms,Protector of the Realm,,,,,Baelor the Blessed,Baelor the Befuddled,,,,,,,8,,,,,,,,,,,,,,,,,,,,,,,,,,,,,,
161,Baelor Targaryen,false,,Baelor Breakspear,In 170 AC,"In 209 AC, at Ashford",,,546,11,,378,4,6,7,3,,,,,,Prince of Dragonstone,Protector of the Realm,Hand of the King,,,,,The Hammer,,,,,,,,,,,,,,,,,,,,,,,,,,,,,,,,,,,,,,
162,Balman Byrch,false,,,,"In 300 AC, at Stokeworth",,,392,3,,56,5,8,,,,,,,,Ser,,,,,,,,,,,,,,,,,,,,,,,,,,,,,,,,,,,,,,,,,,,,,
163,Balon Botley,false,Ironborn,,,,,,,5,,36,,,,,,,,,,,,,,,,,,,,,,,,,,,,,,,,,,,,,,,,,,,,,,,,,,,,,,,
164,Balon Swann,false,Stormlands,,,,,,,1,,373,2,3,5,8,,,,,,Ser,,,,,,,,,,,,,,,,,,,,,,,,,,,,,,,,,,,,,,,,,,,,,
165,Barba Bracken,true,,,In 155 AC,,,,,8,,37,11,,,,,,,,,,,,,,,,,,,,,,,,,,,,,,,,,,,,,,,,,,,,,,,,,,,,,,
166,Barbrey Dustin,true,Northmen,,,,,,1110,5,,335,8,,,,,,,,,Lady of Barrowton,,,,,,,,,,,,,,,,111,,,,,,,,,,,,,,,,,,,,,,,,,,,,,
167,Barre,false,,,,,,,,2,,,,,,,,,,,,Septon,,,,,,,,,,,,,,,,,,,,,,,,,,,,,,,,,,,,,,,,,,,,,
168,Barristan Selmy,false,Westeros,Barristan the Bold,In 237 AC,,,,,11,Ian McElhinney,341,1,2,3,5,Season 1,Season 3,Season 4,Season 5,,Ser,Hand of the Queen,,,,,,Arstan Whitebeard,Ser Grandfather,Barristan the Old,Old Ser,,,,,,378,,,,,,,8,,,,,,,,,,,,,,,,,,,,,,
169,Barth,false,,,,In 99 AC,,,,11,,378,10,3,5,8,,,,,,Septon,Hand of the King,,,,,,,,,,,,,,,,,,,,,,,,,,,,,,,,,,,,,,,,,,,,
170,Barthogan Stark,false,Northmen,Barth Blacksword,,,,,,11,,362,2,,,,,,,,,Lord of Winterfell,Warden of the North,,,,,,,,,,,,,,,,,,,,,,,,,,,,,,,,,,,,,,,,,,,,
171,Bass,false,,,,,,,,1,,,,,,,,,,,,,,,,,,,,,,,,,,,,,,,,,,,,,,,,,,,,,,,,,,,,,,,,,
172,Bayard Norcross,false,,,,,,,,5,,281,8,,,,,,,,,Ser,,,,,,,,,,,,,,,,,,,,,,,,,,,,,,,,,,,,,,,,,,,,,
173,Bellena Hawick,true,,,,,,,501,2,,187,3,5,,,,,,,,,,,,,,,,,,,,,,,,143,,,,,,,,,,,,,,,,,,,,,,,,,,,,,
174,Ben Bushy,false,,Big Ben,,"In 299 AC, at the Blackwater Rush",,,,5,,54,,,,,,,,,,Ser,,,,,,,,,,,,,,,,,,,,,,,,,,,,,,,,,,,,,,,,,,,,,
175,Ben Plumm,false,,Brown Ben Plumm,,,,,,3,,,5,8,,,,,,,,Commander of the Second Sons,,,,,,,,,,,,,,,,,,,,,,,,,,,,,,,,,,,,,,,,,,,,,
176,Benedar Belmore,false,,,,,,,,5,,19,8,,,,,,,,,Lord of Strongsong,,,,,,,,,,,,,,,,,,,,,,,,,,,,,,,,,,,,,,,,,,,,,
177,Benedict Broom,false,,,,,,,,2,,46,3,5,8,,,,,,,Ser,Master-at-arms at Casterly Rock,,,,,,,,,,,,,,,229,,,,,,,,,,,,,,,,,,,,,,,,,,,,,
178,Benedict I Justman,false,Rivermen,Benedict Rivers,,,,,,11,,,,,,,,,,,,Ser,King of the Trident,,,,,,Benedict the Bold,Benedict the Just,,,,,,,,,,,,,,,,,,,,,,,,,,,,,,,,,,,,,
179,Benfred Tallhart,false,Northmen,,In After 281 AC,"In 299 AC, at Stony Shore",,,,2,,376,3,5,8,,,,,,,,,,,,,,,,,,,,,,,,,,,,,,,,,,,,,,,,,,,,,,,,,,,,
180,Benfrey Frey,false,,,In or between 271 AC and 279 AC,"In 299 AC, at the Twins",,,602,2,,143,3,5,8,,,,,,,Ser,,,,,,,,,,,,,,,,,,,,,,,,,,,,,,,,,,,,,,,,,,,,,
181,Benjen Stark,false,Northmen,The Wolf Pup,"In 267 AC or later, at Winterfell",,,,,1,Joseph Mawle,362,2,3,5,8,Season 1,Season 6,,,,First Ranger,,,,,,,Ben Stark,,,,,,,,,,,,,,,,,,,,,,,,,,,,,,,,,,Matteo Elezi,,,,
182,Benjen Stark,false,Northmen,Benjen the Bitter,,,,,,2,,,,,,,,,,,,King in the North,Lord of Winterfell,,,,,,,,,,,,,,,,,,,,,,,,,,,,,,,,,,,,,,,,,,,,
183,Benjen Stark,false,Northmen,Benjen the Sweet,,,,,,2,,,,,,,,,,,,King in the North,Lord of Winterfell,,,,,,,,,,,,,,,,,,,,,,,,,,,,,,,,,,,,,,,,,,,,
184,Bennard Brune,false,,,,,,,,5,,48,,,,,,,,,,Ser,The Knight of Brownhollow,,,,,,,,,,,,,,,,,,,,,,,,,,,,,,,,,,,,,,,,,,,,
185,Bennarion Botley,false,Ironborn,,,,,,,5,,36,,,,,,,,,,,,,,,,,,,,,,,,,,,,,,,,,,,,,,,,,,,,,,,,,,,,,,,
186,Bennis,false,,Bennis of the Brown Shield,,,,,,6,,291,,,,,,,,,,Ser,,,,,,,Bennis Brownstench,,,,,,,,,,,,,,,,,,,,,,,,,,,,,,,,,,,,,,
187,Beony Beesbury,true,,,,,,,854,2,,18,3,5,,,,,,,,,,,,,,,,,,,,,,,,143,,,,,,,,,,,,,,,,,,,,,,,,,,,,,
188,Beren Tallhart,false,Northmen,,In 289 AC,,,,,2,,376,3,5,8,,,,,,,,,,,,,,,,,,,,,,,,,,,,,,,,,,,,,,,,,,,,,,,,,,,,
189,Berena Hornwood,true,Northmen,,,,,,625,2,,202,3,5,8,,,,,,,,,,,,,,,,,,,,,,,376,,,,,,,,,,,,,,,,,,,,,,,,,,,,,
190,Beric Dondarrion,false,,The lightning lord,"In 276 AC or 277 AC, at Blackhaven","In 300 AC (his seventh and final death), at the riverlands",,,,1,David Michael Scott,102,2,3,5,8,Season 1,Season 3,Season 4,Season 6,,Lord of Blackhaven,,,,,,,The Lord of Corpses,Lord Derik,,,,,,,,,,,,,,,,,,,,,,,,,,,,,,,,,Richard Dormer,,,,
191,Beron Blacktyde,false,,Blind Beron Blacktyde,,,,,,5,,26,8,,,,,,,,,,,,,,,,,,,,,,,,,,,,,,,,,,,,,,,,,,,,,,,,,,,,,,
192,Beron Stark,false,Northmen,,,,,,648,11,,362,7,2,,,,,,,,Lord of Winterfell,Warden of the North,,,,,,,,,,,,,,,,,,,,,,,,,,,,,,,,,,,,,,,,,,,,
193,Bertram Beesbury,false,,,,,,,,3,,18,,,,,,,,,,Ser,,,,,,,,,,,,,,,,,,,,,,,,,,,,,,,,,,,,,,,,,,,,,
194,Beth Cassel,true,Northmen,,"In about 289 AC, at Winterfell",,,,,1,,61,2,3,5,8,,,,,,,,,,,,,,,,,,,,,,,,,,,,,,,,,,,,,,,,,,,,,,,,,,,
195,Betha Blackwood,true,,Black Betha,At Raventree Hall,,,,46,11,,27,,,,,,,,,,Lady,Queen,,,,,,,,,,,,,,,378,,,,,,,,,,,,,,,,,,,,,,,,,,,,,
196,Bethany Bolton,true,Northmen,,,,,,933,5,,34,8,,,,,,,,,Lady of the Dreadfort,,,,,,,,,,,,,,,,335,,,,,,,,,,,,,,,,,,,,,,,,,,,,,
197,Bethany Bracken,true,,,In 156 AC or later,In 178 AC,,,,11,,37,,,,,,,,,,,,,,,,,,,,,,,,,,,,,,,,,,,,,,,,,,,,,,,,,,,,,,,
198,Bethany Redwyne,true,,,,,,,731,1,,317,,,,,,,,,,Lady of Goldengrove,,,,,,,,,,,,,,,,326,,,,,,,,,,,,,,,,,,,,,,,,,,,,,
199,Bethany Rosby,true,,,In 265 AC or before,In or between 282 AC and 284 AC,,,1093,2,,325,3,5,8,,,,,,,Lady,,,,,,,,,,,,,,,,143,,,,,,,,,,,,,,,,,,,,,,,,,,,,,
200,Bonifer Hasty,false,,Bonifer the Good,,,,,,2,,186,3,5,8,,,,,,,Ser,Castellan of Harrenhal,,,,,,Baelor Butthole,,,,,,,,,,,,,,,,,,,,,,,,,,,,,,,,,,,,,,
201,Boremund Harlaw,false,Ironborn,Boremund the Blue,,,,,,5,,180,8,,,,,,,,,Master of Harridan Hill,,,,,,,,,,,,,,,,,,,,,,,,,,,,,,,,,,,,,,,,,,,,,
202,Boros Blount,false,,Boros the Belly,,,,,,1,,29,2,3,5,8,,,,,,Ser,,,,,,,,,,,,,,,,,,,,,,,,,,,,,,,,,,,,,,,,,,,,,
203,Bowen Marsh,false,,Old Pomegranate,,,,,,1,Michael Condron,,2,3,5,8,Season 5,,,,,Lord Steward,First Steward,,,,,,,,,,,,,,,,,,,,,,,,,,,,,,,,,,,,,,,,,,,,
204,Bradamar Frey,false,,,In 289 AC,,,,,2,,143,3,5,,,,,,,,,,,,,,,,,,,,,,,,,,,,,,,,,,,,,,,,,,,,,,,,,,,,,
205,Brandon Norrey,false,Northern mountain clans,,,,,,,5,,282,8,,,,,,,,,The Norrey,Lord Norrey,,,,,,,,,,,,,,,,,,,,,,,,,,,,,,,,,,,,,,,,,,,,
206,Brandon Stark,false,Northmen,The Wild Wolf,"In 262 AC, at Winterfell","In 282 AC, at King's Landing",,,,1,,362,2,3,8,,,,,,,,,,,,,,,,,,,,,,,,,,,,,,,,,,,,,,,,,,,,,,,,,,,,
207,Brandon Stark,false,Northmen,,,,,,97,11,,362,2,,,,,,,,,Lord of Winterfell,Warden of the North,,,,,,,,,,,,,,,,,,,,,,,,,,,,,,,,,,,,,,,,,,,,
208,Brandon Stark,false,Northmen,Bran,"In 290 AC, at Winterfell",,,,,5,Isaac Hempstead-Wright,362,,,,,Season 1,Season 2,Season 3,Season 4,Season 6,Prince of Winterfell,,,,,,,Bran the Broken,The Winged Wolf,,,,,,,,,,,,,,,1,,,,,,,,,,,,,2,3,8,,,,,,,
209,Brandon Stark,false,First Men,Bran the Builder,,,,,,1,,362,2,5,8,11,,,,,,King of Winter,,,,,,,,,,,,,,,,,,,,,,,,,,,,,,,,,,,,,,,,,,,,,
210,Brandon Stark,false,Northmen,Brandon the Bad,,,,,,2,,362,,,,,,,,,,King in the North,Lord of Winterfell,,,,,,,,,,,,,,,,,,,,,,,,,,,,,,,,,,,,,,,,,,,,
211,Brandon Stark,false,Northmen,Brandon the Burner,,,213,,,1,,,2,,,,,,,,,King in the North,Lord of Winterfell,,,,,,,,,,,,,,,,,,,,,,,,,,,,,,,,,,,,,,,,,,,,
212,Brandon Stark,false,Northmen,,,,,,,2,,362,,,,,,,,,,Lord of Winterfell,Warden of the North,,,,,,,,,,,,,,,,,,,,,,,,,,,,,,,,,,,,,,,,,,,,
213,Brandon Stark,false,Northmen,Brandon the Shipwright,,,,,,1,,,2,,,,,,,,,King in the North,Lord of Winterfell,,,,,,,,,,211,,,,,,,,,,,,,,,,,,,,,,,,,,,,,,,,,,
214,Brandon Tallhart,false,Northmen,,In 284 AC or 285 AC,,,,,2,,376,3,5,8,,,,,,,,,,,,,,,,,,,,,,,,,,,,,,,,,,,,,,,,,,,,,,,,,,,,
215,Branston Cuy,false,,,,,,,,5,,91,,,,,,,,,,Lord of Sunflower Hall,,,,,,,,,,,,,,,,,,,,,,,,,,,,,,,,,,,,,,,,,,,,,
216,Brienne of Tarth,true,,The Maid of Tarth,In 280 AC,,,,,2,Gwendoline Christie,380,3,8,,,Season 2,Season 3,Season 4,Season 5,Season 6,,,,,,,,Brienne the Beauty,Brienne the Blue,,,,,,,,17,,,,,,,5,362,,,,,,,,,,,,,,,,,,,,,
217,Bronn,false,,Ser Bronn of the Blackwater,In or between 264 AC and 268 AC,,,,638,1,Jerome Flynn,364,2,3,5,8,Season 1,Season 2,Season 3,Season 4,Season 6,Ser,Lord Protector of Stokeworth,,,,,,Lord Stokeworth,,,,,,,,,,,,,,,,,,,,,,,,,,,,,,,,,,,,,,
218,Bryan Fossoway,false,,,,"In 299 AC, at Blackwater Rush",,,,2,,139,,,,,,,,,,Ser,,,,,,,,,,,,,,,,,,,,,,,,,,,,,,,,,,,,,,,,,,,,,
219,Bryan Frey,false,,,In or between 281 AC and 291 AC,,,,,2,,143,3,5,,,,,,,,,,,,,,,,,,,,,,,,,,,,,,,,,,,,,,,,,,,,,,,,,,,,,
220,Bryce Caron,false,,Bryce the Orange,,"In 299 AC, at the Blackwater Rush",,,,1,,60,2,8,,,,,,,,Lord of Nightsong,Lord of the Marches,,,,,,,,,,,,,,,15,,,,,,,,,,,,,,,,,,,,,,,,,,,,,
221,Bryen Caron,false,,,,In 289 AC,,,,5,,60,,,,,,,,,,Lord of the Marches,Lord of Nightsong,,,,,,,,,,,,,,,,,,,,,,,,,,,,,,,,,,,,,,,,,,,,
222,Bryen Farring,false,,,,"In 300 AC, at the wolfswood",,,,2,,121,3,5,8,,,,,,,,,,,,,,,,,,,,,,,,,,,,,,,,,,,,,,,,,,,,,,,,,,,,
223,Brynden Tully,false,Rivermen,Blackfish,In or between 242 AC and 245 AC,,,,,1,Clive Russell,395,2,3,5,8,Season 3,Season 4,Season 6,,,Ser,Warden of the Southern Marches,Knight of the Gate (formerly),,,,,Ser Brynden the Blackfish,Brynden Blackfish,,,,,,,,7,,,,,,,,,,,,,,,,,,,,,,,,,,,,,
224,Buford Bulwer,false,,The Old Ox,,,,,,7,,52,,,,,,,,,,Ser,,,,,,,,,,,,,,,,,,,,,,,,,,,,,,,,,,,,,,,,,,,,,
225,Burton Crakehall,false,,,,"In 299 AC, at the Riverlands",,,,1,,86,2,3,5,,,,,,,Ser,,,,,,,,,,,,,,,,,,,,,,,,,,,,,,,,,,,,,,,,,,,,,
226,Calla Blackfyre,true,Valyrian,,,,,,47,11,,23,,,,,,,,,,,,,,,,,,,,,,,,,,,,,,,,,,,,,,,,,,,,,,,,,,,,,,,
227,Carellen Smallwood,true,,,,,,,,3,,355,5,,,,,,,,,,,,,,,,,,,,,,,,,,,,,,,,,,,,,,,,,,,,,,,,,,,,,,
228,Carolei Waynwood,true,,,,,,,417,2,,417,3,5,,,,,,,,,,,,,,,,,,,,,,,,,,,,,,,,,,,,,,,,,,,,,,,,,,,,,
229,Casper Wylde,false,,,,,,,,8,,438,,,,,,,,,,Lord of the Rain House,,,,,,,,,,,,,,,,,,,,,,,,,,,,,,,,,,,,,,,,,,,,,
230,Cassana Estermont,true,,,,"In 278 AC, at Shipbreaker Bay, near Storm's End",,,986,2,,117,3,8,,,,,,,,,,,,,,,,,,,,,,,,17,,,,,,,,,,,,,,,,,,,,,,,,,,,,,
231,Cassella Vaith,true,Dornish,,,,,,,11,,403,6,,,,,,,,,Lady of Vaith,,,,,,,,,,,,,,,,,,,,,,,,,,,,,,,,,,,,,,,,,,,,,
232,Catelyn Stark,true,Rivermen,Catelyn Tully,"In 264 AC, at Riverrun","In 299 AC, at the Twins",,,339,5,Michelle Fairley,395,8,,,,Season 1,Season 2,Season 3,,,Lady of Winterfell,,,,,,,Lady Stoneheart,The Silent Sistet,Mother Mercilesr,The Hangwomans,,,,,,362,,,,,,,1,,,,,,,,,,,,,2,3,,,,,,,,
233,Cedric Payne,false,,,,"In 298 AC, at Riverlands",,,,5,,295,,,,,,,,,,Ser,,,,,,,,,,,,,,,,,,,,,,,,,,,,,,,,,,,,,,,,,,,,,
234,Cedrik Storm,false,,the Bastard of Bronzegate,,,,,,3,,50,,,,,,,,,,,,,,,,,,,,,,,,,,,,,,,,,,,,,,,,,,,,,,,,,,,,,,,
235,Cerenna Lannister,true,,,,,,,,11,,229,1,2,3,5,,,,,,,,,,,,,,,,,,,,,8,,,,,,,,,,,,,,,,,,,,,,,,,,,,,,
236,Cerissa Brax,true,,,,,,,283,11,,40,,,,,,,,,,Lady of Casterly Rock,,,,,,,,,,,,,,,,229,,,,,,,,,,,,,,,,,,,,,,,,,,,,,
237,Cersei Frey,true,,the Little Bee,In 292 AC or 293 AC,,,,,2,,143,3,5,,,,,,,,,,,,,,,,,,,,,,,,,,,,,,,,,,,,,,,,,,,,,,,,,,,,,
238,Cersei Lannister,true,Westerman,Brotherfuckerthe bitch queen,"In 266 AC, at Casterly Rock",,,,901,1,Lena Headey,229,2,3,,,Season 1,Season 2,Season 3,Season 4,Season 5,Light of the West,Queen Dowager,Protector of the Realm,Lady of Casterly Rock,Queen Regent,,,,,,,,,,,,,,,,,,,5,,,,,,,,,,,,,8,,,,Season 6,,,,,
239,Ceryse Hightower,true,,,In 2 AC,"In 45 AC, at King's Landing",,,694,11,,195,,,,,,,,,,Lady,Queen,,,,,,,,,,,,,,,378,,,,,,,,,,,,,,,,,,,,,,,,,,,,,
240,Clarence Charlton,false,,,,,,,,7,,68,,,,,,,,,,Ser,,,,,,,,,,,,,,,,,,,,,,,,,,,,,,,,,,,,,,,,,,,,,
241,Clarence Crabb,false,,Clarence the Short,,,,,,5,,85,,,,,,,,,,Ser,,,,,,,,,,,,,,,,,,,,,,,,,,,,,,,,,,,,,,,,,,,,,
242,Clarent Crakehall,false,,,At Crakehall,"In 130 AC, at Gods Eye",,,,9,,86,,,,,,,,,,Ser,,,,,,,,,,,,,,,,,,,,,,,,,,,,,,,,,,,,,,,,,,,,,
243,Clayton Suggs,false,,,,,,,,5,,15,8,,,,,,,,,Ser,,,,,,,,,,,,,,,,,,,,,,,,,,,,,,,,,,,,,,,,,,,,,
244,Clement Crabb,false,,,,,,,,11,,85,5,,,,,,,,,Ser,,,,,,,,,,,,,,,,,,,,,,,,,,,,,,,,,,,,,,,,,,,,,
245,Clement Piper,false,Rivermen,,,,,,,1,,302,3,5,8,,,,,,,Lord of Pinkmaiden,,,,,,,,,,,,,,,,,,,,,,,,,,,,,,,,,,,,,,,,,,,,,
246,Cletus Yronwood,false,,,,"In 300 AC, at Disputed Lands",,,,5,,444,8,,,,,,,,,Ser,,,,,,,,,,,,,,,,,,,,,,,,,,,,,,,,,,,,,,,,,,,,,
247,Cley Cerwyn,false,Northmen,,"In 284 AC or 285 AC, at Cerwyn","In 299 AC, at Winterfell",,,,2,,66,3,5,8,,,,,,,Lord of Cerwyn,,,,,,,,,,,,,,,,,,,,,,,,,,,,,,,,,,,,,,,,,,,,,
248,Cleyton Caswell,false,,,,,,,,6,,63,,,,,,,,,,Ser,,,,,,,,,,,,,,,,,,,,,,,,,,,,,,,,,,,,,,,,,,,,,
249,Colen of Greenpools,false,,,,,,,,2,,17,,,,,,,,,,Ser,,,,,,,,,,,,,,,,,,,,,,,,,,,,,,,,,,,,,,,,,,,,,
250,Colin Florent,false,,,,,,,,2,,133,3,5,,,,,,,,Ser,Castellan of Brightwater Keep,,,,,,,,,,,,,,,,,,,,,,,,,,,,,,,,,,,,,,,,,,,,
251,Colmar Frey,false,,,In 288 AC,,,,,2,,143,3,5,8,,,,,,,,,,,,,,,,,,,,,,,,,,,,,,,,,,,,,,,,,,,,,,,,,,,,
252,Corenna Swann,true,,,,,,,994,2,,373,3,5,,,,,,,,,,,,,,,,,,,,,,,,143,,,,,,,,,,,,,,,,,,,,,,,,,,,,,
253,Corlys Velaryon,false,Valyrian,The Sea Snake,In 53 AC,In 132 AC,,,875,11,,407,10,9,,,,,,,,Lord of the Tides,Master of Driftmark,Hand of the Queen,Lord Regent,Master of ships,,,,,,,,,,,,,,,,,,,,,,,,,,,,,,,,,,,,,,,,,
254,Cortnay Penrose,false,,,At Parchments,"In 299 AC, at Storm's End",,,,2,,300,3,,,,,,,,,Ser,Castellan of Storm's End,,,,,,,,,,,,,,,,,,,,,,,,,,,,,,,,,,,,,,,,,,,,
255,Corwyn Corbray,false,,,,"In 134 AC, at Runestone",,,871,11,,81,,,,,,,,,,Ser,Lord Regent,,,,,,,,,,,,,,,,,,,,,,,,,,,,,,,,,,,,,,,,,,,,
256,Corwyn Corbray,false,Andal,,,,,,,11,,81,,,,,,,,,,Ser,Lord of the Five Fingers,,,,,,,,,,,,,,,,,,,,,,,,,,,,,,,,,,,,,,,,,,,,
257,Crake,false,,Crake the Boarkiller,In Age of Heroes,,,,,11,,86,,,,,,,,,,,,,,,,,,,,,,,,,,,,,,,,,,,,,,,,,,,,,,,,,,,,,,,
258,Cregan Karstark,false,Northmen,,"In 249 AC (roughly), at Karhold",,,,,8,,215,,,,,,,,,,,,,,,,,,,,,,,,,,,,,,,,,,,,,,,,,,,,,,,,,,,,,,,
259,Cregan Stark,false,Northmen,The Old Man of the North,,In or after 157 AC,,,136,11,,362,9,1,2,,,,,,,Lord of Winterfell,Warden of the North,Hand of the King,,,,,,,,,,,,,,,,,,,,,,,,,,,,,,,,,,,,,,,,,,,
260,Creighton Longbough,false,,,In or between 240 AC and 249 AC,,,,,5,,,,,,,,,,,,Ser,,,,,,,,,,,,,,,,,,,,,,,,,,,,,,,,,,,,,,,,,,,,,
261,Creighton Redfort,false,Valemen,,,,,,,5,,316,8,,,,,,,,,Ser,,,,,,,,,,,,,,,,,,,,,,,,,,,,,,,,,,,,,,,,,,,,,
262,Cynthea Frey,true,,,In 290 AC,,,,,2,,143,3,5,,,,,,,,,,,,,,,,,,,,,,,,,,,,,,,,,,,,,,,,,,,,,,,,,,,,,
263,Cyrenna Swann,true,,,In 236 AC or before,In or between 249 AC and 257 AC,,,1093,2,,373,3,5,8,,,,,,,,,,,,,,,,,,,,,,,143,,,,,,,,,,,,,,,,,,,,,,,,,,,,,
264,Dacey Mormont,true,Northmen,,In or between 252 AC or 277 AC,"In 299 AC, at the Twins",,,,1,,271,2,3,5,8,,,,,,,,,,,,,,,,,,,,,,,,,,,,,,,,,,,,,,,,,,,,,,,,,,,
265,Daella Targaryen,true,Valyrian,,In or between 54 AC and 66 AC,In 82 AC,,,1884,11,,378,10,,,,,,,,,Princess,Lady of the Eyrie,,,,,,,,,,,,,,,7,,,,,,,,,,,,,,,,,,,,,,,,,,,,,
266,Daella Targaryen,true,Valyrian,,In 199 AC,,,,,11,,378,6,,,,,,,,,Princess,,,,,,,,,,,,,,,,,,,,,,,,,,,,,,,,,,,,,,,,,,,,,
267,Daemon Blackfyre,false,Valyrian,Daemon Waters,"In 170 AC, at King's Landing","In 196 AC, at Redgrass Field",,,920,11,,23,6,7,3,8,,,,,,Ser,Protector of the Ream (claimant),,,,,,The Black Dragon,The King Who Bore the Sword,The Pretender,,,,,,,,,,,,,,,,,,,,,,,,,,,,,,,,,,,,
268,Daemon II Blackfyre,false,,Ser John the Fiddler,In 188 AC or 189 AC,In or between 211 AC and 219 AC,,,,11,,23,7,,,,,,,,,"King of the Andals, the Rhoynar and the First Men (claimant)",Protector of the Realm (claimant),,,,,,The Brown Dragon,,,,,,,,,,,,,,,,,,,,,,,,,,,,,,,,,,,,,,
269,Daemon Targaryen,false,Valyrian,Prince of the City,In 81 AC,"In 130 AC, at the Gods Eye",,,878,11,,378,10,9,,,,,,,,Prince,Commander of the City Watch,Master of coin,Master of laws,King of the Stepstones and the Narrow Sea,Protector of the Realm,,Lord Flea Bottom,The Rogue Prince,,,,,,,,,,,,,,,,,,,,,,,,,,,,,,,,,,,,,
270,Daena Targaryen,true,Valyrian,Daena the Defiant,"In 145 AC, at King's Landing",,40,1302,160,11,,378,5,,,,,,,,,Princess,,,,,,,,,,,,,,,,,,,,,,,,,,,,,,,,,,,,,,,,,,,,,
271,Daenerys Targaryen,true,,,In 172 AC,,,,719,11,,378,6,8,,,,,,,,Princess,,,,,,,,,,,,,,,,285,,,,,,,,,,,,,,,,,,,,,,,,,,,,,
272,Daenora Targaryen,true,Valyrian,,,,,,58,11,,378,,,,,,,,,,Princess,,,,,,,,,,,,,,,,,,,,,,,,,,,,,,,,,,,,,,,,,,,,,
273,Daeron I,false,,The Young Dragon,"143 AC, at King's Landing","161 AC, at Dorne",40,1302,,11,,,6,1,3,5,,,,,,"King of the Andals, the Rhoynar and the First Men",Lord of the Seven Kingdoms,Protector of the Realm,,,,,The Boy King,,,,,,,,8,,,,,,,,,,,,,,,,,,,,,,,,,,,,,,
274,Daeron II,false,,Daeron the Good,"153 AC, at King's Landing","209 AC, at King's Landing",41,779,709,11,,,4,6,7,1,,,,,,"King of the Andals, the Rhoynar and the First Men",Lord of the Seven Kingdoms,,,,,,Daeron the Falseborn,,,,161,61,868,695,2,,3,5,8,,,,,,,,,,,,,,,,,,,,,,,,,,
275,Daeron Targaryen,false,,Daeron the Daring,In 114 AC,"In 130 AC, at Tumbleton",,,,11,,378,10,9,,,,,,,,Prince,Ser,,,,,,,,,,,,,,,,,,,,,,,,,,,,,,,,,,,,,,,,,,,,
276,Daeron Targaryen,false,,Daeron the Drunken,In 190 AC or 191 AC,In or between 221 AC and 233 AC,,,1589,11,,378,4,7,2,5,,,,,,Prince of Dragonstone,Prince of Summerhall,,,,,,,,,,,,,,,,,,,,,,,,,,,,,,,,,,,,,,,,,,,,
277,Daeron Vaith,false,Dornish,,,,,,,5,,403,8,,,,,,,,,Lord of the Red Dunes,,,,,,,,,,,,,,,,,,,,,,,,,,,,,,,,,,,,,,,,,,,,,
278,Dagon Greyjoy,false,Ironborn,,,,,,,6,,169,7,5,8,,,,,,,Lord of Pyke,,,,,,,,,,,,,,,,,,,,,,,,,,,,,,,,,,,,,,,,,,,,,
279,Dagos Manwoody,false,,,,,,,,3,,257,5,8,,,,,,,,Lord of Kingsgrave,,,,,,,,,,,,,,,,,,,,,,,,,,,,,,,,,,,,,,,,,,,,,
280,Dalbridge,false,,Squire Dalbridge,In 254 AC or before,"In 299 AC, at Skirling Pass",,,,2,,,3,5,8,,,,,,,,,,,,,,,,,,,,,,,,,,,,,,,,,,,,,,,,,,,,,,,,,,,,
281,Dale Drumm,false,,Dale the Dread,,,,,,5,,106,,,,,,,,,,,,,,,,,,,,,,,,,,,,,,,,,,,,,,,,,,,,,,,,,,,,,,,
282,Damion Lannister,false,,,In or between 257 AC and 272 AC,,,,973,3,,229,5,8,11,,,,,,,Ser,Castellan of Casterly Rock,,,,,,,,,,,,,,,,,,,,,,,,,,,,,,,,,,,,,,,,,,,,
283,Damon Lannister,false,Westerman,The Grey Lion,,In 210 AC,,,236,4,,229,7,,,,,,,,,Lord of Casterly Rock,Shield of Lannisport,Warden of the West,,,,,,,,,,,,,,,,,,,,,,,,,,,,,,,,,,,,,,,,,,,
284,Damon Lannister,false,,,In 244 AC or 245 AC,,,,363,11,,229,,,,,,,,,,,,,,,,,,,,,,,,,,,,,,,,,,,,,,,,,,,,,,,,,,,,,,,
285,Damon Marbrand,false,,,,,,,,3,,258,5,8,,,,,,,,Lord of Ashemark,,,,,,,,,,,,,,,,,,,,,,,,,,,,,,,,,,,,,,,,,,,,,
286,Damon Paege,false,,,,,,,,2,,293,3,5,,,,,,,,Ser,,,,,,,,,,,,,,,,,,,,,,,,,,,,,,,,,,,,,,,,,,,,,
287,Damon Shett,false,,,,,,,,5,,350,,,,,,,,,,the Knight of Gull Tower,Ser,,,,,,,,,,,,,,,,,,,,,,,,,,,,,,,,,,,,,,,,,,,,
288,Damon Vypren,false,,,In 265 AC or later,,,,,2,,410,3,5,,,,,,,,Ser,,,,,,,,,,,,,,,,,,,,,,,,,,,,,,,,,,,,,,,,,,,,,
289,Danelle Lothston,true,,Mad Danelle,,,,,,11,,246,7,5,,,,,,,,Lady of Harrenhal,,,,,,,,,,,,,,,,,,,,,,,,,,,,,,,,,,,,,,,,,,,,,
290,Danos Slynt,false,,,,,,,,3,,354,,,,,,,,,,,,,,,,,,,,,,,,,,,,,,,,,,,,,,,,,,,,,,,,,,,,,,,
291,Danwell Frey,false,,,In or between 252 AC and 261 AC,,,,1125,1,,143,2,3,5,8,,,,,,Ser,,,,,,,,,,,,,,,,,,,,,,,,,,,,,,,,,,,,,,,,,,,,,
292,Darlessa Marbrand,true,,,,,,,1049,1,,258,2,3,8,,,,,,,,,,,,,,,,,,,,,,,229,,,,,,,,,,,,,,,,,,,,,,,,,,,,,
293,Daryn Hornwood,false,Northmen,,,"In 298 AC, at the Whispering Wood",,,,1,,202,2,8,,,,,,,,,,,,,,,,,,,,,,,,,,,,,,,,,,,,,,,,,,,,,,,,,,,,,
294,Daven Lannister,false,Westerman,,In 273 AC (roughly),,,,,1,,229,2,3,5,8,,,,,,Ser,Warden of the West,,,,,,,,,,,,,,,,,,,,,,,,,,,,,,,,,,,,,,,,,,,,
295,Deana Hardyng,true,,,,,,,1100,2,,176,3,5,,,,,,,,,,,,,,,,,,,,,,,,143,,,,,,,,,,,,,,,,,,,,,,,,,,,,,
296,Delena Florent,true,,,,,,,500,2,,133,3,5,,,,,,,,,,,,,,,,,,,,,,,,281,,,,,,,,,,,,,,,,,,,,,,,,,,,,,
297,Della Frey,true,,Deaf Della,In 296 AC,,,,,2,,143,3,5,,,,,,,,,,,,,,,,,,,,,,,,,,,,,,,,,,,,,,,,,,,,,,,,,,,,,
298,Delonne Allyrion,true,Dornish,,,,,,,3,,2,5,8,,,,,,,,Lady of Godsgrace,,,,,,,,,,,,,,,,,,,,,,,,,,,,,,,,,,,,,,,,,,,,,
299,Dennis Plumm,false,,,,,,,,3,,303,5,,,,,,,,,Ser,,,,,,,,,,,,,,,,,,,,,,,,,,,,,,,,,,,,,,,,,,,,,
300,Denys Arryn,false,,The Darling of the Vale,,"In 283 AC, at Stoney Sept",,,,3,,7,5,,,,,,,,,Ser,Keeper of the Gates of the Moon,,,,,,,,,,,,,,,,,,,,,,,,,,,,,,,,,,,,,,,,,,,,
301,Denys Darklyn,false,,,,,,,967,5,,95,,,,,,,,,,Lord of Duskendale,,,,,,,,,,,,,,,,,,,,,,,,,,,,,,,,,,,,,,,,,,,,,
302,Denys Drumm,false,Ironborn,,,,,,,5,,106,,,,,,,,,,,,,,,,,,,,,,,,,,,,,,,,,,,,,,,,,,,,,,,,,,,,,,,
303,Denys Mallister,false,,,"In 245 AC or before, at Seagard",,,,,1,,254,2,3,5,8,,,,,,Ser,,,,,,,,,,,,,,,,,,,,,,,,,,,,,,,,,,,,,,,,,,,,,
304,Denys Redwyne,false,,,,,,,,5,,317,,,,,,,,,,,,,,,,,,,,,,,,,,,,,,,,,,,,,,,,,,,,,,,,,,,,,,,
305,Denyse Hightower,true,,,,,,,307,5,,195,,,,,,,,,,,,,,,,,,,,,,,,,,,,,,,,,,,,,,,,,,,,,,,,,,,,,,,
306,Desmond Grell,false,,,In or between 237 AC and 240 AC (roughly),,,,,1,,166,2,3,5,,,,,,,Ser,,,,,,,,,,,,,,,,,,,,,,,,,,,,,,,,,,,,,,,,,,,,,
307,Desmond Redwyne,false,,,,,,,305,5,,317,,,,,,,,,,Ser,,,,,,,,,,,,,,,,,,,,,,,,,,,,,,,,,,,,,,,,,,,,,
308,Devan Seaworth,false,,,In 287 AC,,,,,2,,340,3,5,8,,,,,,,,,,,,,,,,,,,,,,,15,,,,,,,,,,,,,,,,,,,,,,,,,,,,,
309,Deziel Dalt,false,,,,,,,,3,,92,5,8,,,,,,,,The Knight of Lemonwood,,,,,,,,,,,,,,,,,,,,,,,,,,,,,,,,,,,,,,,,,,,,,
310,Dick Follard,false,,Deaf Dick Follard,,"In 299 AC, at Castle Black",,,,3,,,,,,,,,,,,,,,,,,,,,,,,,,,,,,,,,,,,,,,,,,,,,,,,,,,,,,,,,
311,Dickon Frey,false,,,In 294 AC,,,,,2,,143,3,5,,,,,,,,,,,,,,,,,,,,,,,,,,,,,,,,,,,,,,,,,,,,,,,,,,,,,
312,Dickon Manwoody,false,,,,,,,,3,,257,5,,,,,,,,,,,,,,,,,,,,,,,,,,,,,,,,,,,,,,,,,,,,,,,,,,,,,,
313,Dickon Tarly,false,,,In or between 287 AC and 290 AC,,,,359,1,Freddie Stroma,379,5,8,,,Season 6,,,,,,,,,,,,,,,,,,,,,,,,,,,,,,,,,,,,,,,,,,,,,,,,,,
314,Domeric Bolton,false,,,In or between 279 AC and 281 AC (roughly),In 297 AC,,,,2,,34,5,8,,,,,,,,,,,,,,,,,,,,,,,,,,,,,,,,,,,,,,,,,,,,,,,,,,,,,
315,Donal Noye,false,,,In or between 244 AC and 252 AC,"In 300 AC, at The Wall, near Castle Black",,,,1,,17,2,3,5,8,,,,,,,,,,,,,,,,,,,,,,,,,,,,,,,,,,,,,,,,,,,,,,,,,,,
316,Donel Greyjoy,false,Ironborn,,,,,,,5,,169,,,,,,,,,,,,,,,,,,,,,,,,,,,,,,,,,,,,,,,,,,,,,,,,,,,,,,,
317,Donella Hornwood,true,Northmen,,In or before 249 AC,"In 299 AC, at Hornwood",,,463,2,,255,8,,,,,,,,,Lady of Hornwood,,,,,,,,,,,,,,,,202,,,,,,,,,,,,,,,,,,,,,,,,,,,,,
318,Donnel,false,,,,,,,,4,,,5,,,,,,,,,Ser,,,,,,,,,,,,,,,,,,,,,,,,,,,,,,,,,,,,,,,,,,,,,
319,Donnel Drumm,false,Ironborn,,,,,,,5,,106,,,,,,,,,,,,,,,,,,,,,,,,,,,,,,,,,,,,,,,,,,,,,,,,,,,,,,,
320,Donnel Haigh,false,,,In or between 255 AC and 282 AC,,,,,2,,172,3,5,,,,,,,,Ser,,,,,,,,,,,,,,,,,,,,,,,,,,,,,,,,,,,,,,,,,,,,,
321,Donnel Locke,false,,,,"In 299 AC, at the Twins",,,,2,,239,3,5,,,,,,,,Ser,,,,,,,,,,,,,,,,,,,,,,,,,,,,,,,,,,,,,,,,,,,,,
322,Donnel Swann,false,Stormlands,Ser Donnel the Constant,,,,,,2,,373,3,,,,,,,,,Ser,,,,,,,,,,,,,,,,,,,,,,,,,,,,,,,,,,,,,,,,,,,,,
323,Donnor Saltcliffe,false,Ironborn,,,,,,,2,,336,3,5,8,,,,,,,Lord,,,,,,,,,,,,,,,,,,,,,,,,,,,,,,,,,,,,,,,,,,,,,
324,Donnor Stark,false,Northmen,,,,,,,11,,362,2,,,,,,,,,Lord of Winterfell,Warden of the North,,,,,,,,,,,,,,,,,,,,,,,,,,,,,,,,,,,,,,,,,,,,
325,Dontos Hollard,false,,Dontos the Red,"In or between 261 AC and 263 AC, at near Duskendale","In 300 AC, at Blackwater Bay",,,,1,Tony Way,198,2,3,5,,Season 2,Season 4,,,,Ser,,,,,,,Dontos the Drunk,Florian,,,,,,,,,,,,,,,,,,,,,,,,,,,,,,,,,,,,,
326,Doran Martell,false,Dornish,,"In 247 AC or 248 AC, at Sunspear",,,,1697,1,Alexander Siddig,285,2,3,5,8,Season 5,Season 6,,,,Prince of Dorne,,,,,,,,,,,,,,,,,,,,,,,,,,,,,,,,,,,,,,,,,,,,,
327,Dorna Swyft,true,,,,,,,605,1,,374,2,3,5,8,,,,,,,,,,,,,,,,,,,,,,,,,,,,,,,,,,,,,,,,,,,,,,,,,,,
328,Dorren Stark,false,Northmen,,,,,,,2,,,,,,,,,,,,King in the North,,,,,,,,,,,,,,,,,,,,,,,,,,,,,,,,,,,,,,,,,,,,,
329,Duncan,false,,Dunk,"In 191 AC, 192 AC or 193 AC, at King's Landing","In 259 AC, at Summerhall",,,,3,,,5,8,11,,,,,,,Ser,Lord Commander of the Kingsguard,,,,,,Duncan the Tall,Dunk the Lunk,Ser Giant,The Gallows Knight,,,,,,,,,,,,,4,,,,,,,,,,,,,6,7,,,,,,,,
330,Duncan Targaryen,false,,Prince Duncan the Small,In or between 220 AC and 224 AC,"In 259 AC, at Summerhall",,,1539,11,,378,3,5,8,,,,,,,Prince,,,,,,,Prince of Dragonflies,,,,,,,,,,,,,,,,,,,,,,,,,,,,,,,,,,,,,,
331,Dunstan Drumm,false,Ironborn,The Drumm,"In 212 AC or later, at Old Wyk",,,,,2,,106,3,5,8,,,,,,,Lord of Old Wyk,Captain of the Thunderer,,,,,,The Bone Hand,,,,,,,,,,,,,,,,,,,,,,,,,,,,,,,,,,,,,,
332,Duram Bar Emmon,false,,,In 284 AC,,,,,2,,14,3,5,,,,,,,,Lord of Sharp Point,,,,,,,,,,,,,,,,,,,,,,,,,,,,,,,,,,,,,,,,,,,,,
333,Durran,false,First Men,Durran Godsgrief,Age of Heroes,,,,1361,11,,,2,,,,,,,,,Storm King,,,,,,,The Godsgrief,King of a Thousand Years,,,,,,,,,,,,,,,,,,,,,,,,,,,,,,,,,,,,,
334,Dyanna Dayne,true,,,,In or between 201 AC and 209 AC,,,695,11,,99,,,,,,,,,,Lady,,,,,,,,,,,,,,,,378,,,,,,,,,,,,,,,,,,,,,,,,,,,,,
335,Dykk Harlaw,false,,,,"In 299 AC, at Winterfell",,,,2,,178,,,,,,,,,,,,,,,,,,,,,,,,,,,,,,,,,,,,,,,,,,,,,,,,,,,,,,,
336,Ebben,false,,,,"In 299 AC, at Skirling Pass",,,,2,,,3,5,8,,,,,,,,,,,,,,,,,,,,,,,,,,,,,,,,,,,,,,,,,,,,,,,,,,,,
337,Eddara Tallhart,true,Northmen,,In 289 AC or 290 AC,,,,,2,,376,3,5,8,,,,,,,Lady of Torrhen's Square,,,,,,,,,,,,,,,,,,,,,,,,,,,,,,,,,,,,,,,,,,,,,
338,Eddard Karstark,false,Northmen,Edd,At Karhold,"In 298 AC, at the Whispering Wood",,,,1,,215,2,3,5,8,,,,,,,,,,,,,,,,,,,,,,,,,,,,,,,,,,,,,,,,,,,,,,,,,,,
339,Eddard Stark,false,Northmen,Ned,"In 263 AC, at Winterfell","In 299 AC, at Great Sept of Baelor in King's Landing",,,232,11,Sean Bean,362,2,3,5,8,Season 1,Season 6,,,,Lord of Winterfell,Warden of the North,Hand of the King,Protector of the Realm,Regent,,,The Ned,The Quiet Wolf,,,,,,,,,,,,,,,1,,,,,,,,,,,,,,,,,,Sebastian Croft,Robert Aramayo,,,
340,Edderion Stark,false,Northmen,Ederrion the Bridegroom,,,,,,2,,362,,,,,,,,,,King in the North,Lord of Winterfell,,,,,,,,,,,,,,,,,,,,,,,,,,,,,,,,,,,,,,,,,,,,
341,Eddison Tollet,false,Valemen,Dolorous Edd,,,,,,2,Ben Crompton,388,3,5,8,,Season 2,Season 3,Season 4,Season 5,Season 6,,,,,,,,,,,,,,,,,,,,,,,,,,,,,,,,,,,,,,,,,,,,,,
342,Eden Risley,false,,,,,,,,7,,321,,,,,,,,,,Ser,,,,,,,,,,,,,,,,,,,,,,,,,,,,,,,,,,,,,,,,,,,,,
343,Edgerran Oakheart,false,,Edgerran the Open-Handed,,,,,,5,,286,,,,,,,,,,Lord,,,,,,,,,,,,,,,,,,,,,,,,,,,,,,,,,,,,,,,,,,,,,
344,Edmund Ambrose,false,,,,,,,,5,,4,,,,,,,,,,Ser,,,,,,,,,,,,,,,,,,,,,,,,,,,,,,,,,,,,,,,,,,,,,
345,Edmund Waxley,false,,,,,,,,5,,415,8,,,,,,,,,The Knight of Wickenden,Ser,,,,,,,,,,,,,,,,,,,,,,,,,,,,,,,,,,,,,,,,,,,,
346,Edmure Tully,false,Rivermen,,In or between 267 AC and 274 AC,,,,937,1,Tobias Menzies,395,2,3,5,8,Season 3,Season 6,,,,Ser,Lord of Riverrun (lost to Emmon Frey),,,,,,,,,,,,,,,,,,,,,,,,,,,,,,,,,,,,,,,,,,,,
347,Edmyn Tully,false,Rivermen,,,,,,,11,,395,1,3,,,,,,,,Lord of Riverrun,Lord Paramount of the Trident,Hand of the King,,,,,,,,,,,,,,,,,,,,,,,,,,,,,,,,,,,,,,,,,,,
348,Edric Dayne,false,,Ned,"In 287 AC, at Starfall",,,,,1,,99,2,3,5,,,,,,,Lord of Starfall,,,,,,,,,,,,,,,,,,,,,,,,,,,,,,,,,,,,,,,,,,,,,
349,Edrick Stark,false,Northmen,Edrick Snowbeard,,,,,,11,,362,2,8,,,,,,,,King in the North,Lord of Winterfell,,,,,,,,,,,,,,,,,,,,,,,,,,,,,,,,,,,,,,,,,,,,
350,Edwyd Fossoway,false,,,,"In 299 AC, at Blackwater Rush",,,,2,,139,,,,,,,,,,Ser,,,,,,,,,,,,,,,,,,,,,,,,,,,,,,,,,,,,,,,,,,,,,
351,Edwyle Stark,false,Northmen,,,,,,716,11,,362,2,,,,,,,,,Lord of Winterfell,Warden of the North,,,,,,,,,,,,,,,,,,,,,,,,,,,,,,,,,,,,,,,,,,,,
352,Edwyn Frey,false,,,In or between 259 AC and 278 AC,,,,534,2,,143,3,5,,,,,,,,,,,,,,,,,,,,,,,,,,,,,,,,,,,,,,,,,,,,,,,,,,,,,
353,Edwyn Osgrey,false,,,,"In 196 AC, at the Redgrass Field",,,,6,,291,,,,,,,,,,Ser,,,,,,,,,,,,,,,,,,,,,,,,,,,,,,,,,,,,,,,,,,,,,
354,Edwyn Stark,false,Northmen,The Spring King,,,,,,2,,362,,,,,,,,,,King in the North,Lord of Winterfell,,,,,,,,,,,,,,,,,,,,,,,,,,,,,,,,,,,,,,,,,,,,
355,Eglantine,true,,,,,,,,5,,16,,,,,,,,,,Septa,,,,,,,,,,,,,,,,,,,,,,,,,,,,,,,,,,,,,,,,,,,,,
356,Elbert Arryn,false,,,,"In 282 AC, at King's Landing",,,,2,,7,5,,,,,,,,,Ser,,,,,,,,,,,,,,,,,,,,,,,,,,,,,,,,,,,,,,,,,,,,,
357,Eldon Estermont,false,Stormlands,,In or between 228 AC and 232 AC,,,,999,2,,117,3,5,8,,,,,,,Ser,Lord of Greenstone,,,,,,,,,,,,,,,,,,,,,,,,,,,,,,,,,,,,,,,,,,,,
358,Eldred Codd,false,Ironborn,,,,,,,5,,75,,,,,,,,,,,,,,,,,,,,,,,,,,,,,,,,,,,,,,,,,,,,,,,,,,,,,,,
359,Eleanor Mooton,true,,,In 286 AC or 287 AC,,,,313,5,,269,8,,,,,,,,,,,,,,,,,,,,,,,,,379,,,,,,,,,,,,,,,,,,,,,,,,,,,,,
360,Eleyna Westerling,true,,,"In 287 AC, at Crag",,,,,3,,425,5,,,,,,,,,,,,,,,,,,,,,,,,,,,,,,,,,,,,,,,,,,,,,,,,,,,,,,
361,Elia Martell,true,,Elia of Dorne,In 256 AC or 257 AC,"In 283 AC, at King's Landing",,,867,1,,285,2,3,5,8,,,,,,Princess,,,,,,,,,,,,,,,,378,,,,,,,,,,,,,,,,,,,,,,,,,,,,,
362,Elinor Tyrell,true,,,In 286 AC (roughly),,,,,3,,398,5,8,,,,,,,,,,,,,,,,,,,,,,,,,,,,,,,,,,,,,,,,,,,,,,,,,,,,,
363,Ella Lannister,true,,,,,,,284,11,,229,,,,,,,,,,,,,,,,,,,,,,,,,,,,,,,,,,,,,,,,,,,,,,,,,,,,,,,
364,Ellaria Sand,true,Dornish,The serpent's whore,,,,,1770,3,Indira Varma,400,5,8,,,Season 4,Season 5,,,,,,,,,,,,,,,,,,,,285,,,,,,,,,,,,,,,,,,,,,,,,,,,,,
365,Ellery Vance,false,,,,,,,,3,,404,5,,,,,,,,,Ser,,,,,,,,,,,,,,,,,,,,,,,,,,,,,,,,,,,,,,,,,,,,,
366,Ellyn Ever Sweet,true,,,,,,,,11,,18,,,,,,,,,,,,,,,,,,,,,,,,,,,,,,,,,,,,,,,,,,,,,,,,,,,,,,,
367,Ellyn Reyne,true,,,At Castamere,"In 261 AC, at Tarbeck Hall",,,1026,5,,319,11,,,,,,,,,Lady of Tarbeck Hall,,,,,,,,,,,,,,,,229,,,,,,,,377,,,,,,,,,,,,,,,,,,,,,
368,Elmar Frey,false,,,In 290 AC,,,,,1,,143,2,3,5,8,,,,,,,,,,,,,,,,,,,,,,,,,,,,,,,,,,,,,,,,,,,,,,,,,,,
369,Elwood Meadows,false,Reach,,In 278 AC or 279 AC,,,,,2,,261,3,5,8,,,,,,,Lord of Grassy Vale,,,,,,,,,,,,,,,,15,,,,,,,,,,,,,,,,,,,,,,,,,,,,,
370,Elyana Vypren,true,,,In or between 264 AC and 282 AC,,,,587,2,,410,3,5,,,,,,,,,,,,,,,,,,,,,,,,438,,,,,,,,,,,,,,,,,,,,,,,,,,,,,
371,Elyas Willum,false,,,,,,,,2,,429,,,,,,,,,,,,,,,,,,,,,,,,,,,,,,,,,,,,,,,,,,,,,,,,,,,,,,,
372,Elyn Norridge,true,,,,,,,665,3,,283,5,,,,,,,,,,,,,,,,,,,,,,,,,398,,,,,,,,,,,,,,,,,,,,,,,,,,,,,
373,Elys Waynwood,false,,,,,,,92,5,,417,,,,,,,,,,Ser,,,,,,,,,,,,,,,,,,,,,,,,,,,,,,,,,,,,,,,,,,,,,
374,Elys Westerling,false,,,,,,,,3,,425,,,,,,,,,,Ser,,,,,,,,,,,,,,,,,,,,,,,,,,,,,,,,,,,,,,,,,,,,,
375,Emberlei Frey,true,,,In 296 AC or 297 AC,,,,,2,,143,3,5,,,,,,,,,,,,,,,,,,,,,,,,,,,,,,,,,,,,,,,,,,,,,,,,,,,,,
376,Emmon Cuy,false,,Emmon the Yellow,At Sunflower Hall,"In 299 AC, at near Storm's End",,,,2,,91,,,,,,,,,,Ser,,,,,,,,,,,,,,,,,,,,,,,,,,,,,,,,,,,,,,,,,,,,,
377,Emmon Frey,false,,Emm,In 237 AC or 238 AC,,,,415,1,,142,2,3,5,8,,,,,,Lord of Riverrun,,,,,,,,,,,,,,,,229,,,,,,,,,,,,,,,,,,,,,,,,,,,,,
378,Emphyria Vance,true,,,,,,,,5,,405,,,,,,,,,,,,,,,,,,,,,,,,,,,,,,,,,,,,,,,,,,,,,,,,,,,,,,,
379,Endrew Tarth,false,,,,"In 299 AC, at Bridge of Skulls",,,,1,,380,2,3,,,,,,,,Ser,,,,,,,,,,,,,,,,,,,,,,,,,,,,,,,,,,,,,,,,,,,,,
380,Eon Hunter,false,,Old Lord Hunter,In 220 AC or before (roughly),In +/- 300 AC,,,,1,,207,2,3,5,8,,,,,,Lord of Longbow Hall,,,,,,,,,,,,,,,,,,,,,,,,,,,,,,,,,,,,,,,,,,,,,
381,Erena Glover,true,Northmen,,In 297 AC or 298 AC,,,,,2,,150,3,5,,,,,,,,,,,,,,,,,,,,,,,,,,,,,,,,,,,,,,,,,,,,,,,,,,,,,
382,Ermesande Hayford,true,,,In 298 AC,,,,1051,2,,189,3,5,8,,,,,,,Lady of Hayford,,,,,,,,,,,,,,,,229,,,,,,,,,,,,,,,,,,,,,,,,,,,,,
383,Erren Florent,false,,,,,,,,2,,133,3,5,,,,,,,,Ser,,,,,,,,,,,,,,,,,,,,,,,,,,,,,,,,,,,,,,,,,,,,,
384,Ethan Glover,false,Northmen,,,"In 283 AC, at the Tower of Joy",,,,1,,150,2,,,,,,,,,,,,,,,,,,,,,,,,,,,,,,,,,,,,,,,,,,,,,,,,,,,,,,
385,Euron Greyjoy,false,Ironborn,Crow's Eye,or before 267 AC,,836,,,1,,,2,3,5,8,,,,,,Iron King,King of the Isles and the North  King of Salt and Rock,Son of the Sea Wind,Lord Reaper of Pyke,Captain of the Silence,,,Euron Crow's Eye,,,,,,,,,,,,,,,,,,,,,,,,,,,,,,,,,,,,,,
386,Eustace,false,,,,,,,,10,,,9,,,,,,,,,Septon,,,,,,,,,,,,,,,,,,,,,,,,,,,,,,,,,,,,,,,,,,,,,
387,Eustace Hunter,false,,,,,,,,5,,207,8,,,,,,,,,Ser,,,,,,,,,,,,,,,,,,,,,,,,,,,,,,,,,,,,,,,,,,,,,
388,Eustace Osgrey,false,,The Knight of Standfast,At Standfast,,,,1891,6,,291,,,,,,,,,,Knight and Master of Standfast,Lord of Coldmoat,,,,,,,,,,,,,,,,,,,,,,,,,,,,,,,,,,,,,,,,,,,,
389,Eyron Stark,false,Northmen,,,,,,,2,,362,,,,,,,,,,King in the North,Lord of Winterfell,,,,,,,,,,,,,,,,,,,,,,,,,,,,,,,,,,,,,,,,,,,,
390,Ezzelyno,false,Braavosi,,,,,,,5,,,,,,,,,,,,Red Priest,,,,,,,,,,,,,,,,,,,,,,,,,,,,,,,,,,,,,,,,,,,,,
391,Falena Stokeworth,true,,,In 125 AC,,,,656,11,,364,,,,,,,,,,Lady of Harrenhal,,,,,,,,,,,,,,,,246,,,,,,,,,,,,,,,,,,,,,,,,,,,,,
392,Falyse Stokeworth,true,,,In 265 AC or before,"In 300 AC, at the Black Cells, Red Keep, King's Landing",,,162,2,,364,3,5,8,,,,,,,,,,,,,,,,,,,,,,,56,,,,,,,,,,,,,,,,,,,,,,,,,,,,,
393,Flement Brax,false,,,,,,,765,1,,40,2,3,5,8,,,,,,Ser,,,,,,,,,,,,,,,,,,,,,,,,,,,,,,,,,,,,,,,,,,,,,
394,Forley Prester,false,,,,,,,,1,,306,2,3,5,,,,,,,Ser,,,,,,,,,,,,,,,,,,,,,,,,,,,,,,,,,,,,,,,,,,,,,
395,Foss the Archer,false,,,,,,,,11,,139,,,,,,,,,,,,,,,,,,,,,,,,,,,,,,,,,,,,,,,,,,,,,,,,,,,,,,,
396,Frankyln Fowler,false,Dornish,The Old Hawk,,,,,,5,,141,8,,,,,,,,,Lord of Skyreach,Warden of the Prince's Pass,,,,,,,,,,,,,,,,,,,,,,,,,,,,,,,,,,,,,,,,,,,,
397,Galbart Glover,false,Northmen,,At Deepwood Motte,,,,,1,Mark Coney,150,2,3,5,8,Season 1,,,,,Master of Deepwood Motte,,,,,,,,,,,,,,,,,,,,,,,,,,,,,,,,,,,,,,,,,,,,,
398,Galladon Tarth,false,,,"In either 275 AC, 276 AC or 277 AC",In either 284 AC or 285 AC,,,,5,,380,,,,,,,,,,,,,,,,,,,,,,,,,,,,,,,,,,,,,,,,,,,,,,,,,,,,,,,
399,Galtry the Green,false,,,,,,,,7,,,,,,,,,,,,Ser,,,,,,,,,,,,,,,,,,,,,,,,,,,,,,,,,,,,,,,,,,,,,
400,Gared,false,,,In or between 231 AC and 246 AC,"In 297 AC, at Beyond the Wall",,,,1,Dermot Keaney,,2,,,,,,,,,,,,,,,,,,,,,,,,,,,,,,,,,,,,,,,,,,,,,,,,,,,,,,
401,Garlan Tyrell,false,,Garlan the Gallant,"In 277 AC, at Highgarden",,,,1618,1,,397,2,3,5,8,,,,,,Ser,Lord of Brightwater Keep,,,,,,Renly's ghost,,,,,,,,,,,,,,,,,,,,,,,,,,,,,,,,,,,,,,
402,Garrett Paege,false,,,,,,,,5,,293,8,,,,,,,,,,,,,,,,,,,,,,,,,,,,,,,,,,,,,,,,,,,,,,,,,,,,,,
403,Garrison Prester,false,,,,,,,,5,,306,8,,,,,,,,,Lord of Feastfires,,,,,,,,,,,,,,,,,,,,,,,,,,,,,,,,,,,,,,,,,,,,,
404,Garse Goodbrook,false,,,,"At the Twins, in 299 AC",,,609,2,,151,3,5,,,,,,,,Ser,,,,,,,,,,,,,,,,,,,,,,,,,,,,,,,,,,,,,,,,,,,,,
405,Garth Greenfield,false,Westerman,,,,,,,1,,163,3,5,8,,,,,,,The Knight of Greenfield,Ser,,,,,,,,,,,,,,,,,,,,,,,,,,,,,,,,,,,,,,,,,,,,
406,Garth Greyfeather,false,,,,"In 300 AC, at Beyond the Wall",,,,3,,,5,8,,,,,,,,,,,,,,,,,,,,,,,,,,,,,,,,,,,,,,,,,,,,,,,,,,,,,
407,Garth Hightower,false,,Garth Greysteel,At Oldtown,,,,,5,,195,,,,,,,,,,Ser,,,,,,,,,,,,,,,,,,,,,,,,,,,,,,,,,,,,,,,,,,,,,
408,Garth Tyrell,false,,Garth the Gross,,,,,,1,,398,2,3,5,8,,,,,,Lord Seneschal,,,,,,,,,,,,,,,,,,,,,,,,,,,,,,,,,,,,,,,,,,,,,
409,Garth XII Gardener,false,,,,,,,,5,,,,,,,,,,,,King of the Reach,,,,,,,,,,,,,,,,,,,,,,,,,,,,,,,,,,,,,,,,,,,,,
410,Garth the Gardener,false,First Men,,,,1411,,,11,,,,,,,,,,,,King of the Reach,,,,,,,,,,,,,,,,,,,,,,,,,,,,,,,,,,,,,,,,,,,,,
411,Gawen Glover,false,Northmen,,In 295 AC or 296 AC,,,,,2,,150,3,5,,,,,,,,,,,,,,,,,,,,,,,,,,,,,,,,,,,,,,,,,,,,,,,,,,,,,
412,Gawen Swann,false,,,"In 152 AC or before, at Stonehelm",,,,,4,,373,,,,,,,,,,Lord of Stonehelm,,,,,,,,,,,,,,,,,,,,,,,,,,,,,,,,,,,,,,,,,,,,,
413,Gawen Westerling,false,Westerman,,,,,,997,1,,425,2,3,5,8,,,,,,Lord of the Crag,,,,,,,,,,,,,,,,,,,,,,,,,,,,,,,,,,,,,,,,,,,,,
414,Gawen Wylde,false,,,,"In 283 AC, at Storm's End",,,,2,,438,,,,,,,,,,Ser,Master-at-arms at Storm's End,,,,,,,,,,,,,,,,,,,,,,,,,,,,,,,,,,,,,,,,,,,,
415,Genna Lannister,true,,,In 245 AC,,,,377,1,,229,2,3,5,8,,,,,,Lady,,,,,,,,,,,,,,,,142,,,,,,,,,,,,,,,,,,,,,,,,,,,,,
416,Gerald Gower,false,,,,,,,,3,,158,5,8,,,,,,,,Ser,,,,,,,,,,,,,,,,,,,,,,,,,,,,,,,,,,,,,,,,,,,,,
417,Geremy Frey,false,,,In 263 AC,In or between 289 AC and 299 AC,,,228,2,,143,3,5,8,,,,,,,Ser,,,,,,,,,,,,,,,,,,,,,,,,,,,,,,,,,,,,,,,,,,,,,
418,Gerion Lannister,false,,Gery,In 255 AC,In circa 291 AC,,,,11,,229,1,2,3,5,,,,,,,,,,,,,,,,,,,,,8,,,,,,,,,,,,,,,,,,,,,,,,,,,,,,
419,Germund Botley,false,Ironborn,,,,,,,5,,36,8,,,,,,,,,Lord of Lordsport,,,,,,,,,,,,,,,,,,,,,,,,,,,,,,,,,,,,,,,,,,,,,
420,Gerold Grafton,false,,,,,,,,5,,160,8,,,,,,,,,Lord of Gulltown,,,,,,,,,,,,,,,,,,,,,,,,,,,,,,,,,,,,,,,,,,,,,
421,Gerold Hightower,false,,The White Bull,,"In 283 AC, at Tower of Joy",,,,1,Eddie Eyre,195,2,3,,,Season 6,,,,,Ser,Lord Commander of the Kingsguard,,,,,,,,,,,,,,,,,,,,,,,,,,,,,,,,,,,,,,,,,,,,
422,Gerold Lannister,false,Westerman,Gerold the Golden,,In 244 AC,,,101,6,,229,11,,,,,,,,,Lord of Casterly Rock,Shield of Lannisport,Warden of the West,,,,,,,,,,,,,,,,,,,,,,,,,,,,,,,,,,,,,,,,,,,
423,Gevin Harlaw,false,Ironborn,,,"In 299 AC, at Winterfell",,,,2,,178,3,,,,,,,,,,,,,,,,,,,,,,,,,,,,,,,,,,,,,,,,,,,,,,,,,,,,,,
424,Gilbert Farring,false,,,,,,,,3,,121,5,8,,,,,,,,Ser,,,,,,,,,,,,,,,,,,,,,,,,,,,,,,,,,,,,,,,,,,,,,
425,Gilbert of the Vines,false,,,,,,,,11,,317,,,,,,,,,,,,,,,,,,,,,,,,,,,,,,,,,,,,,,,,,,,,,,,,,,,,,,,
426,Gilwood Hunter,false,,Young Lord Hunter,In or between 250 AC and 254 AC,,,,,3,,207,5,8,,,,,,,,Ser,Lord of Longbow Hall,,,,,,,,,,,,,,,,,,,,,,,,,,,,,,,,,,,,,,,,,,,,
427,Gladden Wylde,false,,,,"In 298 AC, at the Mummer's Ford",,,,1,,438,,,,,,,,,,Ser,,,,,,,,,,,,,,,,,,,,,,,,,,,,,,,,,,,,,,,,,,,,,
428,Glendon Flowers,false,,Glendon Ball,In 196 AC,,,,,7,,,,,,,,,,,,Ser,,,,,,,The Knight of the Pussywillows,Glendon the Bastard,,,,,,,,,,,,,,,,,,,,,,,,,,,,,,,,,,,,,
429,Godric Borrell,false,Sistermen,,At Sweetsister,,,,,5,,35,8,,,,,,,,,Lord of Sweetsister,Shield of Sisterton,Master of Breakwater Castle,Keeper of the Night Lamp,,,,,,,,,,,,,,,,,,,,,,,,,,,,,,,,,,,,,,,,,,
430,Godry Farring,false,,Godry the Giantslayer,,,,,,5,,121,8,,,,,,,,,Ser,,,,,,,,,,,,,,,,15,,,,,,,,,,,,,,,,,,,,,,,,,,,,,
431,Gormon Peake,false,,Gormy,,"In 211 AC, at Whitewalls",,,,11,,296,6,7,,,,,,,,"Lord of Starpike, Dunstonbury (stripped) and Whitegrove (stripped)",,,,,,,,,,,,,,,,,,,,,,,,,,,,,,,,,,,,,,,,,,,,,
432,Gormond Drumm,false,Ironborn,Gormond the Oldfather,,,,,,5,,106,,,,,,,,,,,,,,,,,,,,,,,,,,,,,,,,,,,,,,,,,,,,,,,,,,,,,,,
433,Gormond Goodbrother,false,Ironborn,,In 282 AC or 283 AC,,,,,5,,155,,,,,,,,,,,,,,,,,,,,,,,,,,,,,,,,,,,,,,,,,,,,,,,,,,,,,,,
434,Gorold Goodbrother,false,Ironborn,,,,,,,2,,155,3,5,8,,,,,,,Lord of Hammerhorn,,,,,,,,,,,,,,,,,,,,,,,,,,,,,,,,,,,,,,,,,,,,,
435,Gowen Baratheon,false,,,,,,,1044,1,,17,,,,,,,,,,,,,,,,,,,,,,,,,,,,,,,,,,,,,,,,,,,,,,,,,,,,,,,
436,Gran Goodbrother,false,Ironborn,,,,,,,5,,155,,,,,,,,,,,,,,,,,,,,,,,,,,,,,,,,,,,,,,,,,,,,,,,,,,,,,,,
437,Grance Morrigen,false,,,,,,,,4,,272,,,,,,,,,,Ser,,,,,,,,,,,,,,,,,,,,,,,,,,,,,,,,,,,,,,,,,,,,,
438,Grazdan mo Eraz,false,Ghiscari,,At Yunkai,,,,,3,,,5,8,,,,,,,,,,,,,,,,,,,,,,,,,,,,,,,,,,,,,,,,,,,,,,,,,,,,,
439,Grenn,false,Westeros,Aurochs,In 281 AC or 282 AC,,,,,1,Mark Stanley,,2,3,5,8,Season 1,Season 2,Season 3,Season 4,,,,,,,,,,,,,,,,,,,,,,,,,,,,,,,,,,,,,,,,,,,,,,,
440,Greydon Goodbrother,false,Ironborn,,,,,,,5,,155,,,,,,,,,,,,,,,,,,,,,,,,,,,,,,,,,,,,,,,,,,,,,,,,,,,,,,,
441,Gulian Qorgyle,false,,,,,,,,5,,311,,,,,,,,,,Ser,,,,,,,,,,,,,,,,,,,,,,,,,,,,,,,,,,,,,,,,,,,,,
442,Gulian Swann,false,,,In 259 AC or before,,,,,2,,373,3,,,,,,,,,Lord of Stonehelm,,,,,,,,,,,,,,,,,,,,,,,,,,,,,,,,,,,,,,,,,,,,,
443,Guncer Sunglass,false,,,At Sweetport Sound,"In 299 AC, at Dragonstone",,,,2,,372,3,,,,,,,,,Lord of Sweetport Sound,,,,,,,,,,,,,,,,,,,,,,,,,,,,,,,,,,,,,,,,,,,,,
444,Gunthor Hightower,false,,,,,,,552,5,,195,,,,,,,,,,Ser,,,,,,,,,,,,,,,,,,,,,,,,,,,,,,,,,,,,,,,,,,,,,
445,Guthor Grimm,false,,,,,,,,5,,171,8,,,,,,,,,Lord of Greyshield,,,,,,,,,,,,,,,,,,,,,,,,,,,,,,,,,,,,,,,,,,,,,
446,Guyard Morrigen,false,,Guyard the Green,"In or between 278 AC and 283 AC, at Crows Nest","In 299 AC, at King's Landing",,,,2,,272,8,,,,,,,,,Ser,,,,,,,,,,,,,,,,,,,,,,,,,,,,,,,,,,,,,,,,,,,,,
447,Gwayne Corbray,false,,,,,,,,6,,81,5,,,,,,,,,Ser,,,,,,,,,,,,,,,,,,,,,,,,,,,,,,,,,,,,,,,,,,,,,
448,Gwayne Gaunt,false,,,,At Duskendale,,,,3,,148,,,,,,,,,,Ser,,,,,,,,,,,,,,,,,,,,,,,,,,,,,,,,,,,,,,,,,,,,,
449,Gwayne Hightower,false,,,In or between 88 AC and 96 AC,"In 130 AC, at King's Landing",,,,9,,195,,,,,,,,,,Ser,,,,,,,,,,,,,,,,,,,,,,,,,,,,,,,,,,,,,,,,,,,,,
450,Gwin Goodbrother,true,Ironborn,,,,,,,5,,155,,,,,,,,,,,,,,,,,,,,,,,,,,,,,,,,,,,,,,,,,,,,,,,,,,,,,,,
451,Gwynesse Harlaw,true,Ironborn,,,,,,,5,,178,,,,,,,,,,,,,,,,,,,,,,,,,,,,,,,,,,,,,,,,,,,,,,,,,,,,,,,
452,Gwyneth Yronwood,true,Dornish,,In 287 AC or 288 AC,,,,,8,,444,,,,,,,,,,,,,,,,,,,,,,,,,,,,,,,,,,,,,,,,,,,,,,,,,,,,,,,
453,Gylbert Farwynd,false,Ironborn,,,,,,,3,,123,5,8,,,,,,,,Lord of the Lonely Light,,,,,,,,,,,,,,,,,,,,,,,,,,,,,,,,,,,,,,,,,,,,,
454,Gyles,false,,Gyles Greycloak,,,,,,5,,,,,,,,,,,,Ser,,,,,,,,,,,,,,,,,,,,,,,,,,,,,,,,,,,,,,,,,,,,,
455,Gyles Farwynd,false,Ironborn,,,,,,,5,,123,,,,,,,,,,,,,,,,,,,,,,,,,,,,,,,,,,,,,,,,,,,,,,,,,,,,,,,
456,Gyles Grafton,false,,,,,,,,5,,160,,,,,,,,,,,,,,,,,,,,,,,,,,,,,,,,,,,,,,,,,,,,,,,,,,,,,,,
457,Gyles III Gardener,false,,,,,,,,11,,,6,,,,,,,,,King of the Reach,,,,,,,,,,,,,,,,,,,,,,,,,,,,,,,,,,,,,,,,,,,,,
458,Gyles Rosby,false,,The Cougher,,"In 300 AC, at King's Landing",,,,1,,325,2,3,5,8,,,,,,Lord of Rosby,Lord Treasurer,Master of Coin,,,,,,,,,,,,,,,,,,,,,,,,,,,,,,,,,,,,,,,,,,,
459,Gysella Goodbrother,true,Ironborn,,,,,,,5,,155,,,,,,,,,,,,,,,,,,,,,,,,,,,,,,,,,,,,,,,,,,,,,,,,,,,,,,,
460,Halleck Hoare,false,,,,,484,,,11,,,,,,,,,,,,King of the Isles and the Rivers,,,,,,,,,,,475,494,,,,,,,,,,,,,,,,,,,,,,,,,,,,,,,,,
461,Hallis Mollen,false,Northmen,Hal,,,,,,1,,267,2,3,5,,,,,,,Captain of the guards for Winterfell,,,,,,,,,,,,,,,,362,,,,,,,,,,,,,,,,,,,,,,,,,,,,,
462,Halmon Paege,false,,,,,,,,2,,293,3,5,8,,,,,,,Ser,,,,,,,,,,,,,,,,,,,,,,,,,,,,,,,,,,,,,,,,,,,,,
463,Halys Hornwood,false,Northmen,,,"In 298 AC, at the Green Fork",,,317,1,,202,2,5,,,,,,,,Lord of the Hornwood,,,,,,,,,,,,,,,,,,,,,,,,,,,,,,,,,,,,,,,,,,,,,
464,Harbert Paege,false,,,,,,,,7,,293,,,,,,,,,,Ser,,,,,,,,,,,,,,,,,,,,,,,,,,,,,,,,,,,,,,,,,,,,,
465,Harlan Grandison,false,,,,"In 281 AC, at King's Landing",,,,3,,161,,,,,,,,,,Ser,,,,,,,,,,,,,,,,,,,,,,,,,,,,,,,,,,,,,,,,,,,,,
466,Harlan Hunter,false,,,,,,,,1,,207,5,8,,,,,,,,Ser,,,,,,,,,,,,,,,,,,,,,,,,,,,,,,,,,,,,,,,,,,,,,
467,Harlen Tyrell,false,Reach,Harlan Tyrell,,"In 5 AC, at Dorne",,,,11,,398,1,,,,,,,,,High Steward of Highgarden,Lord Paramount of the Mander,Lord of Highgarden,Warden of the South,,,,,,,,,,,,,,,,,,,,,,,,,,,,,,,,,,,,,,,,,,
468,Harlon Botley,false,Ironborn,,,,,,,5,,36,,,,,,,,,,,,,,,,,,,,,,,,,,,,,,,,,,,,,,,,,,,,,,,,,,,,,,,
469,Harlon Greyjoy,false,Ironborn,,,At Pyke,,,,5,,169,,,,,,,,,,,,,,,,,,,,,,,,,,,,,,,,,,,,,,,,,,,,,,,,,,,,,,,
470,Harmen Uller,false,,,,,,,,3,,400,5,8,,,,,,,,Lord of Hellholt,,,,,,,,,,,,,,,,,,,,,,,,,,,,,,,,,,,,,,,,,,,,,
471,Harmond Umber,false,Northmen,The Drunken Giant,,,,,,11,,401,8,,,,,,,,,Lord of the Last Hearth,,,,,,,,,,,,,,,,,,,,,,,,,,,,,,,,,,,,,,,,,,,,,
472,Harrag Hoare,false,Ironborn,,,,,,,11,,,5,,,,,,,,,High King of the Iron Isles,,,,,,,,,,,,,,,,,,,,,,,,,,,,,,,,,,,,,,,,,,,,,
473,Harras Harlaw,false,Ironborn,The Knight of Grey Garden,,,,,,5,,177,8,,,,,,,,,Ser,Master of Grey Garden,Lord of Greyshield,,,,,,,,,,,,,,,,,,,,,,,,,,,,,,,,,,,,,,,,,,,
474,Harren Botley,false,Ironborn,,,"In 299 AC, at Moat Cailin",,,,5,,36,,,,,,,,,,,,,,,,,,,,,,,,,,,,,,,,,,,,,,,,,,,,,,,,,,,,,,,
475,Harren Hoare,false,Ironborn,Harren the Black,,"2 BC, at Harrenhal",460,,,1,,,2,3,5,11,,,,,,King of the Isles and the Rivers,,,,,,,Black Harren,,,,,,,,,,,,,,,,,,,,,,,,,,,,,,,,,,,,,,
476,Harrion Karstark,false,Northmen,Harry,At Karhold,,,,,1,,215,2,3,5,8,,,,,,Lord of Karhold,,,,,,,,,,,,,,,,,,,,,,,,,,,,,,,,,,,,,,,,,,,,,
477,Harrold Hardyng,false,Valemen,Harry the Heir,In 281 AC or 282 AC,,,,,5,,176,8,,,,,,,,,Ser,,,,,,,The Young Falcon,Harry the Arse,,,,,,,,7,,,,,,,,,,,,,,,,,,,,,,,,,,,,,
478,Harrold Osgrey,false,,,,At the Redgrass Field,,,,6,,291,,,,,,,,,,Ser,,,,,,,,,,,,,,,,,,,,,,,,,,,,,,,,,,,,,,,,,,,,,
479,Harrold Westerling,false,Westerman,,,In 112 AC,,,,10,,425,,,,,,,,,,Ser,Lord Commander of the Kingsguard,,,,,,,,,,,,,,,,,,,,,,,,,,,,,,,,,,,,,,,,,,,,
480,Harry Strickland,false,,Homeless Harry Strickland,,,,,,8,,368,,,,,,,,,,Captain-General,,,,,,,,,,,,,,,,,,,,,,,,,,,,,,,,,,,,,,,,,,,,,
481,Harwin Strong,false,,Breakbones,In 90 AC or before,"In 120 AC, at Harrenhal",,,,10,,369,9,11,,,,,,,,Ser,Captain,,,,,,Brokenbones,,,,,,,,,,,,,,,,,,,,,,,,,,,,,,,,,,,,,,
482,Harwood Fell,false,,,,"In 300 AC, at Wolfswood",,,,5,,124,8,,,,,,,,,Lord of Felwood,,,,,,,,,,,,,,,,,,,,,,,,,,,,,,,,,,,,,,,,,,,,,
483,Harwood Stout,false,Northmen,,,,,,,5,,367,8,,,,,,,,,Lord of Goldgrass,,,,,,,,,,,,,,,,111,,,,,,,,,,,,,,,,,,,,,,,,,,,,,
484,Harwyn Hoare,false,,Harwyn Hardhand,,,833,,,1,,,11,,,,,,,,,King of the Iron Islands,King of the Isles and the Rivers,,,,,,The Hardhand,,,,460,,,,,,,,,,,,,,,,,,,,,,,,,,,,,,,,,,
485,Harwyn Plumm,false,,Hardstone,,,,,,3,,303,5,,,,,,,,,Ser,,,,,,,,,,,,,,,,,,,,,,,,,,,,,,,,,,,,,,,,,,,,,
486,Harys Haigh,false,,,In or between 254 AC and 282 AC,,,,,2,,172,3,5,,,,,,,,Ser,,,,,,,,,,,,,,,,143,,,,,,,,,,,,,,,,,,,,,,,,,,,,,
487,Harys Swyft,false,,,,,,,,11,,374,1,2,3,5,,,,,,Knight of Cornfield,Hand of the Kinr,Master of coig,Lord treasurern,,,,,,,,,,,,8,,,,,,,,,,,,,,,,,,,,,,,,,,,,,,
488,Helaena Targaryen,true,,,In 109 AC,"In 130 AC, at King's Landing",,,39,10,,378,9,11,,,,,,,,Queen,,,,,,,,,,,,,,,,,,,,,,,,,,,,,,,,,,,,,,,,,,,,,
489,Helicent Uffering,true,,,In 171 AC (roughly),,,,,6,,399,,,,,,,,,,,,,,,,,,,,,,,,,,,,,,,,,,,,,,,,,,,,,,,,,,,,,,,
490,Helman Tallhart,false,Northmen,,At Torrhen's Square,"In 299 AC, at Duskendale",,,,1,,376,2,3,5,8,,,,,,Ser,Master of Torrhen's Square,,,,,,,,,,,,,,,,,,,,,,,,,,,,,,,,,,,,,,,,,,,,
491,Herbert Bolling,false,,,,,,,,5,,33,,,,,,,,,,Ser,,,,,,,,,,,,,,,,,,,,,,,,,,,,,,,,,,,,,,,,,,,,,
492,Herrock Kenning,false,Ironborn,Herrock the Whoreson,,,,,,11,,218,,,,,,,,,,Lord of Kayce,,,,,,,,,,,,,,,,219,,,,,,,,,,,,,,,,,,,,,,,,,,,,,
493,Hilmar Drumm,false,Ironborn,Hilmar the Cunning,,,,,,5,,106,,,,,,,,,,,,,,,,,,,,,,,,,,,,,,,,,,,,,,,,,,,,,,,,,,,,,,,
494,Hoare,false,,,,,,,,1,,196,,,,,,,,,,Lord Commander of the Night's Watch,,,,,,,,,,,,,,,,,,,,,,,,,,,,,,,,,,,,,,,,,,,,,
495,Hoarfrost Umber,false,Northmen,,,,,,,8,,401,,,,,,,,,,Lord of the Last Hearth,,,,,,,,,,,,,,,,,,,,,,,,,,,,,,,,,,,,,,,,,,,,,
496,Hobber Redwyne,false,Reach,Slobber,At the Arbor,,,,,1,,317,2,3,5,8,,,,,,Ser,,,,,,,,,,,,,,,,,,,,,,,,,,,,,,,,,,,,,,,,,,,,,
497,Hooded Man,false,,,In Age of Heroes,,,,,11,,13,,,,,,,,,,,,,,,,,,,,,,,,,,,,,,,,,,,,,,,,,,,,,,,,,,,,,,,
498,Horas Redwyne,false,Reach,Horror,At the Arbor,,,,,1,,317,2,3,5,8,,,,,,Ser,,,,,,,,,,,,,,,,,,,,,,,,,,,,,,,,,,,,,,,,,,,,,
499,Horton Redfort,false,Valemen,,,,,,,3,,316,5,8,,,,,,,,Lord of Redfort,,,,,,,,,,,,,,,,,,,,,,,,,,,,,,,,,,,,,,,,,,,,,
500,Hosman Norcross,false,,,,,,,296,2,,281,3,5,,,,,,,,Ser,,,,,,,,,,,,,,,,,,,,,,,,,,,,,,,,,,,,,,,,,,,,,
501,Hosteen Frey,false,,Ser Stupid,In or between 250 AC and 258 AC,,,,173,1,,143,2,3,5,8,,,,,,Ser,,,,,,,,,,,,,,,,,,,,,,,,,,,,,,,,,,,,,,,,,,,,,
502,Hoster Frey,false,,,In 287 AC,,,,,2,,143,3,5,,,,,,,,,,,,,,,,,,,,,,,,,,,,,,,,,,,,,,,,,,,,,,,,,,,,,
503,Hoster Tully,false,Rivermen,,In or between 237 AC and 240 AC,"In 299 AC, at Riverrun",,,755,1,,395,2,3,5,8,,,,,,Lord Paramount of the Trident,Lord of Riverrun,,,,,,,,,,,,,,,,,,,,,,,,,,,,,,,,,,,,,,,,,,,,
504,Hother Umber,false,Northmen,Hother Whoresbane,"In 241 AC or before, at Last Hearth",,,,,2,,401,3,5,8,,,,,,,Castellan of Last Hearth,,,,,,,Whoresbane Umber,,,,,,,,,,,,,,,,,,,,,,,,,,,,,,,,,,,,,,
505,Hotho Harlaw,false,Ironborn,Hotho Humpback,,,,,,5,,181,8,,,,,,,,,Master of the Tower of Glimmering,,,,,,,,,,,,,,,,,,,,,,,,,,,,,,,,,,,,,,,,,,,,,
506,Howland Reed,false,Crannogmen,,"In or between 260 AC and 265 AC, at Greywater Watch",,,,1572,1,Leo Woodruff,318,2,3,5,8,Season 6,,,,,Lord of Greywater Watch,,,,,,,,,,,,,,,,,,,,,,,,,,,,,,,,,,,,,,,,,,,,,
507,Hubard Rambton,false,,,,"In 299 AC, at Dragonstone",,,,2,,313,3,,,,,,,,,Ser,,,,,,,,,,,,,,,,,,,,,,,,,,,,,,,,,,,,,,,,,,,,,
508,Hugh,false,Valemen,Ser Hugh of the Vale,,"In 298 AC, at King's Landing",,,,1,,7,,,,,,,,,,Ser,,,,,,,,,,,,,,,,,,,,,,,,,,,,,,,,,,,,,,,,,,,,,
509,Hugh Beesbury,false,,,,,,,,5,,18,,,,,,,,,,Ser,,,,,,,,,,,,,,,,,,,,,,,,,,,,,,,,,,,,,,,,,,,,,
510,Hugh Grandison,false,,Greybeard,,,,,,5,,161,8,,,,,,,,,Lord of Grandview,,,,,,,,,,,,,,,,,,,,,,,,,,,,,,,,,,,,,,,,,,,,,
511,Hugo Vance,false,,,,,,,,3,,404,5,,,,,,,,,Ser,,,,,,,,,,,,,,,,,,,,,,,,,,,,,,,,,,,,,,,,,,,,,
512,Hugo Wull,false,Northern mountain clans,,,,,,,5,,435,8,,,,,,,,,Big Bucket,The Wull,,,,,,,,,,,,,,,,,,,,,,,,,,,,,,,,,,,,,,,,,,,,
513,Humfrey Beesbury,false,,,,"In 209 AC, at Ashford",,,,4,,18,6,,,,,,,,,Ser,,,,,,,,,,,,,,,,,,,,,,,,,,,,,,,,,,,,,,,,,,,,,
514,Humfrey Hardyng,false,,,,"In 209 AC, at Ashford",,,,4,,176,6,,,,,,,,,Ser,,,,,,,,,,,,,,,,,,,,,,,,,,,,,,,,,,,,,,,,,,,,,
515,Humfrey Hewett,false,,,,,,,,5,,194,8,,,,,,,,,Lord of Oakenshield,,,,,,,,,,,,,,,,,,,,,,,,,,,,,,,,,,,,,,,,,,,,,
516,Humfrey Swyft,false,,,,,,,,5,,374,8,,,,,,,,,Ser,,,,,,,,,,,,,,,,,,,,,,,,,,,,,,,,,,,,,,,,,,,,,
517,Humfrey Wagstaff,false,,,"In 230 AC, 231 AC or 232 AC",,,,,5,,413,,,,,,,,,,Ser,Castellan of Grandview,,,,,,,,,,,,,,,161,,,,,,,,,,,,,,,,,,,,,,,,,,,,,
518,Hyle Hunt,false,,,,,,,,5,,206,,,,,,,,,,Ser,,,,,,,,,,,,,,,,,,,,,,,,,,,,,,,,,,,,,,,,,,,,,
519,Igon Vyrwel,false,,,,,,,,1,,411,2,3,5,8,,,,,,,,,,,,,,,,,,,,,,398,,,,,,,,,,,,,,,,,,,,,,,,,,,,,
520,Illifer,false,,Illifer the Penniless,In 240 AC or before,,,,,5,,,,,,,,,,,,Ser,,,,,,,,,,,,,,,,,,,,,,,,,,,,,,,,,,,,,,,,,,,,,
521,Ilyn Payne,false,Westeros,,,,,,,1,Wilko Johnson,295,2,3,5,8,Season 1,Season 2,,,,Ser King's Justice,,,,,,,,,,,,,,,,,,,,,,,,,,,,,,,,,,,,,,,,,,,,,
522,Imry Florent,false,,The Fool of Florent,,"In 299 AC, at the Blackwater Rush",,,,2,Gordon Mahon (listed as Gordan Mahon),133,3,5,,,Season 2,,,,,Ser,Lord High Captain,,,,,,,,,,,,,,,,,,,,,,,,,,,,,,,,,,,,,,,,,,,,
523,Jacelyn Bywater,false,,Ironhand,,"In 299 AC, at King's Landing",,,,2,,57,3,5,,,,,,,,Ser,Captain of the Mud Gate,Commander of the City Watch,Lord,,,,,,,,,,,,,,,,,,,,,,,,,,,,,,,,,,,,,,,,,,
524,Jack Bulwer,false,,Black Jack Bulwer,,"In 300 AC, at Beyond the Wall",,,,3,,,5,8,,,,,,,,First Ranger,,,,,,,,,,,,,,,,,,,,,,,,,,,,,,,,,,,,,,,,,,,,,
525,Jack Musgood,false,Stormlands,Jolly Jack,,,,,,11,,276,8,,,,,,,,,Lord Commander of the Night's Watch,,,,,,,Sleepy Jack,,,,,,,,,,,,,,,,,,,,,,,,,,,,,,,,,,,,,,
526,Jaehaerys I,false,,The Conciliator,"34 AC, at King's Landing","103 AC, at King's Landing",57,110,105,11,,,10,9,1,3,,,,,,"King of the Andals, the Rhoynar and the First Men",Lord of the Seven Kingdoms,Protector of the Realm,,,,,The Wise,The Old King,,,45,109,157,265,5,,8,,,,951,,,,,,,,,,,,,,,,,,,,,,,,
527,Jaehaerys II,false,,,"225 AC, at King's Landing","262 AC, at King's Landing",46,195,971,11,,,1,3,8,,,,,,,"King of the Andals, the Rhoynar and the First Men",Lord of the Seven Kingdoms,Protector of the Realm,,,,,,,,,62,869,,,,,,,,,,,,,,,,,,,,,,,,,,,,,,,,,
528,Jaime Frey,false,,,In 299 AC or 300 AC,,,,,5,,143,,,,,,,,,,,,,,,,,,,,,,,,,,,,,,,,,,,,,,,,,,,,,,,,,,,,,,,
529,Jaime Lannister,false,Westerlands,The Kingslayer,"In 266 AC, at Casterly Rock",,,,,1,Nikolaj Coster-Waldau,229,2,,,,Season 1,Season 2,Season 3,Season 4,Season 5,Ser,Lord Commander of the Kingsguard,Warden of the East (formerly),,,,,The Lion of Lannister,The Young Lion,Cripple,,,,,,,,,,,,,,3,,,,,,,,,,,,,5,8,,,,,,,,
530,Jammos Frey,false,,,In 266 AC or 267 AC,,,,952,2,,143,3,5,8,,,,,,,Ser,,,,,,,,,,,,,,,,,,,,,,,,,,,,,,,,,,,,,,,,,,,,,
531,Janei Lannister,true,,,In 296 AC or 297 AC,,,,,1,,229,2,3,5,8,,,,,,,,,,,,,,,,,,,,,,,,,,,,,,,,,,,,,,,,,,,,,,,,,,,
532,Janna Tyrell,true,,,,,,,577,1,,398,2,3,5,8,,,,,,,,,,,,,,,,,,,,,,140,,,,,,,,,,,,,,,,,,,,,,,,,,,,,
533,Janos Slynt,false,,,"In or between 278 AC and 260 AC, at King's Landing","In 300 AC, at Castle Black",,,,1,Dominic Carter,354,2,3,5,8,Season 1,Season 2,Season 4,Season 5,,Commander of the City Watch Lord of Harrenhal,,,,,,,,,,,,,,,,,,,,,,,,,,,,,,,,,,,,,,,,,,,,,
534,Janyce Hunter,true,,,,,,,352,2,,207,3,,,,,,,,,,,,,,,,,,,,,,,,,143,,,,,,,,,,,,,,,,,,,,,,,,,,,,,
535,Jared Frey,false,,,In 248 AC or 249 AC,In 300 AC (suspected),,,95,1,,143,2,3,5,8,,,,,,Ser,,,,,,,,,,,,,,,,,,,,,,,,,,,,,,,,,,,,,,,,,,,,,
536,Jaremy Rykker,false,,,,"In 298 AC, at Castle Black",,,,1,,,2,3,8,,,,,,,Seracting First Ranger,,,,,,,,,,,,,,,,,,,,,,,,,,,,,,,,,,,,,,,,,,,,,
537,Jarman Buckwell,false,,,,In 300 AC (supposedly),,,,2,,51,3,8,,,,,,,,Ser,,,,,,,,,,,,,,,,,,,,,,,,,,,,,,,,,,,,,,,,,,,,,
538,Jason Lannister,false,,,,"In 130 AC, at the Red Fork",,,568,11,,229,10,9,,,,,,,,Ser,Lord of Casterly Rock,Shield of Lannisport,Warden of the West,,,,,,,,,,,,,,,,,,,,,,,,,,,,,,,,,,,,,,,,,,
539,Jason Mallister,false,,,At Seagard,,,,,1,,254,2,3,5,8,,,,,,Lord of Seagard,,,,,,,,,,,,,,,,,,,,,,,,,,,,,,,,,,,,,,,,,,,,,
540,Jasper Arryn,false,,,,,,,,5,,7,,,,,,,,,,Lord of the Eyrie Defender of the Vale,Warden of the East,,,,,,,,,,,,,,,,,,,,,,,,,,,,,,,,,,,,,,,,,,,,
541,Jasper Redfort,false,Valemen,,,,,,,5,,316,8,,,,,,,,,Ser,,,,,,,,,,,,,,,,,,,,,,,,,,,,,,,,,,,,,,,,,,,,,
542,Jasper Waynwood,false,,,,,,,,5,,417,,,,,,,,,,,,,,,,,,,,,,,,,,,,,,,,,,,,,,,,,,,,,,,,,,,,,,,
543,Jasper Wylde,false,,Ironrod,,"In 130 AC, at King's Landing",,,,9,,438,,,,,,,,,,Lord of the Rain House,Master of laws,,,,,,,,,,,,,,,,,,,,,,,,,,,,,,,,,,,,,,,,,,,,
544,Jeffory Mallister,false,,,,At King's Landing,,,,2,,254,,,,,,,,,,,,,,,,,,,,,,,,,,,,,,,,,,,,,,,,,,,,,,,,,,,,,,,
545,Jeffory Norcross,false,,Neveryield,,,,,,5,,281,,,,,,,,,,Ser,,,,,,,,,,,,,,,,,,,,,,,,,,,,,,,,,,,,,,,,,,,,,
546,Jena Dondarrion,true,,,,,,,161,11,,102,,,,,,,,,,,,,,,,,,,,,,,,,,378,,,,,,,,,,,,,,,,,,,,,,,,,,,,,
547,Jeor Mormont,false,Northmen,The Old Bear,In 230 AC,"In 299 AC, at Craster's Keep",,,,1,James Cosmo,271,2,3,5,8,Season 1,Season 2,Season 3,,,Lord of Bear Island (formerly),Lord Commander of the Night's Watch,,,,,,,,,,,,,,,,,,,,,,,,,,,,,,,,,,,,,,,,,,,,
548,Jeyne Arryn,true,Valemen,The Maiden of the Vale,,"In 134 AC, at Gulltown",,,,11,,7,10,9,,,,,,,,Lady of the Eyrie,Defender of the Vale,Warden of the East,Lady Regent,,,,,,,,,,,,,,,,,,,,,,,,,,,,,,,,,,,,,,,,,,
549,Jeyne Beesbury,true,,,,,,,866,2,,18,3,5,,,,,,,,,,,,,,,,,,,,,,,,143,,,,,,,,,,,,,,,,,,,,,,,,,,,,,
550,Jeyne Darry,true,Westeros,,,,,,1275,3,,97,5,,,,,,,,,,,,,,,,,,,,,,,,,,,,,,,,,,,,,,,,,,,,,,,,,,,,,,
551,Jeyne Farman,true,,,,,,,1403,5,,120,,,,,,,,,,,,,,,,,,,,,,,,,,73,,,,,,,,,,,,,,,,,,,,,,,,,,,,,
552,Jeyne Fossoway,true,,,,,,,444,5,,140,,,,,,,,,,,,,,,,,,,,,,,,,,,,,,,,,,,,,,,,,,,,,,,,,,,,,,,
553,Jeyne Goodbrook,true,,,In 293 AC,,,,,2,,151,3,5,,,,,,,,,,,,,,,,,,,,,,,,,,,,,,,,,,,,,,,,,,,,,,,,,,,,,
554,Jeyne Lothston,true,,,In 164 AC,,,,,11,,246,,,,,,,,,,,,,,,,,,,,,,,,,,,,,,,,,,,,,,,,,,,,,,,,,,,,,,,
555,Jeyne Lydden,true,,,,,,,994,2,,250,3,5,,,,,,,,,,,,,,,,,,,,,,,,,,,,,,,,,,,,,,,,,,,,,,,,,,,,,
556,Jeyne Marbrand,true,,,,In 255 AC,,,1057,11,,258,,,,,,,,,,Lady of Casterly Rock,,,,,,,,,,,,,,,,229,,,,,,,,,,,,,,,,,,,,,,,,,,,,,
557,Jeyne Poole,true,Northmen,Arya Stark,At Winterfell,,,,849,1,,305,2,3,5,8,,,,,,,,,,,,,,,,,,,,,,,,,,,,,,,,,,,,,,,,,,,,,,,,,,,
558,Jeyne Royce,true,,,,,,,572,1,,328,,,,,,,,,,,,,,,,,,,,,,,,,,7,,,,,,,,,,,,,,,,,,,,,,,,,,,,,
559,Jeyne Swann,true,,,,,,,,3,,373,,,,,,,,,,,,,,,,,,,,,,,,,,,,,,,,,,,,,,,,,,,,,,,,,,,,,,,
560,Jeyne Westerling,true,,,In 27 AC or before,In 47 AC or 48 AC,,,90,11,,425,3,,,,,,,,,Queen,Black Bride,,,,,,,,,,,,,,,377,,,,,,,,378,,,,,,,,,,,,,,,,,,,,,
561,Jeyne Westerling,true,Westerman,,"In 283 AC, at the Crag",,,,1880,3,,425,5,,,,,,,,,Queen,Lady of Winterfell,,,,,,,,,,,,,,,362,,,,,,,,,,,,,,,,,,,,,,,,,,,,,
562,Joanna Lannister,true,Westerman,,"In or between 245 AC and 250 AC, at Casterly Rock",In 273 AC,,,27,1,,229,2,3,5,8,,,,,,Lady of Casterly Rock,,,,,,,,,,,,,,,,,,,,,,,,,,,,,,,,,,,,,,,,,,,,,
563,Joanna Swyft,true,,,,,,,,3,,374,5,,,,,,,,,,,,,,,,,,,,,,,,,,,,,,,,,,,,,,,,,,,,,,,,,,,,,,
564,Jocelyn Swyft,true,,,,,,,,5,,374,8,,,,,,,,,,,,,,,,,,,,,,,,,,,,,,,,,,,,,,,,,,,,,,,,,,,,,,
565,Joffrey Baratheon,false,,Joffrey the Illborn,"286 AC, at King's Landing","300 AC, at Red Keep, King's Landing",901,238,16,1,Jack Gleeson,,2,3,5,8,Season 1,Season 2,Season 3,Season 4,,"King of the Andals, the Rhoynar and the First Men",Lord of the Seven Kingdoms,Protector of the Realm,,,,,The Young Usurper,Aerys the Third,Joffrey-called-Baratheon,,,,,,,,,,,,,,,,,,,,,,,,,,,,,,,,,,,,
566,Joffrey Caswell,false,,,In 190 AC or 191 AC,,,,,7,,63,,,,,,,,,,Lord of Bitterbridge,,,,,,,,,,,,,,,,,,,,,,,,,,,,,,,,,,,,,,,,,,,,,
567,Joffrey Lonmouth,false,,Knight of Kisses,In 99 AC or before,"In 114 AC, at King's Landing",,,,10,,244,,,,,,,,,,Ser,,,,,,,,,,,,,,,,,,,,,,,,,,,,,,,,,,,,,,,,,,,,,
568,Johanna Lannister,true,,,At the Crag,,,,538,,,425,,,,,,,,,,Lady of Casterly Rock,,,,,,,,,,,,,,,,229,,,,,,,,,,,,,,,,,,,,,,,,,,,,,
569,Johanna Swann,true,,The Black Swan,,,,,,10,,373,,,,,,,,,,,,,,,,,,,,,,,,,,,,,,,,,,,,,,,,,,,,,,,,,,,,,,,
570,John the Oak,false,,The First Knight,,,,,,11,,286,,,,,,,,,,,,,,,,,,,,,,,,,,,,,,,,,,,,,,,,,,,,,,,,,,,,,,,
571,Jojen Reed,false,Crannogmen,Little Grandfather,"In 286 AC, at Greywater Watch",,,,,2,Thomas Brodie-Sangster,318,3,5,8,,Season 3,Season 4,,,,,,,,,,,,,,,,,,,,,,,,,,,,,,,,,,,,,,,,,,,,,,,,,
572,Jon Arryn,false,Valemen,,"In or between 217 AC and 220 AC (roughly), at the Eyrie","In 298 AC, at King's Landing",,,558,11,John Standing,7,1,2,3,5,Season 1,,,,,Lord of the Eyrie,Defender of the Vale,Warden of the East,Hand of the King,,,,,,,,,,,,8,,,,,,,,,,,,,,,,,,,,,,,,,,,,,,
573,Jon Bettley,false,,Beardless Jon,,,,,,5,,20,8,,,,,,,,,Ser,,,,,,,,,,,,,,,,,,,,,,,,,,,,,,,,,,,,,,,,,,,,,
574,Jon Brax,false,,,In 296 AC,,,,,2,,40,3,5,,,,,,,,,,,,,,,,,,,,,,,,,,,,,,,,,,,,,,,,,,,,,,,,,,,,,
575,Jon Bulwer,false,,,,,,,1073,3,,52,5,,,,,,,,,Lord of Blackcrown,,,,,,,,,,,,,,,,,,,,,,,,,,,,,,,,,,,,,,,,,,,,,
576,Jon Connington,false,Stormlands,Griffthe Mad King's Hand,In or between 263 AC and 265 AC,,,,,11,,80,3,5,,,,,,,,Lord of Griffin's Roost,Hand of the King,Hand of the True King,,,,,,,,,,,,,,378,,,,,,,8,,,,,,,,,,,,,,,,,,,,,,
577,Jon Fossoway,false,Reach,,,,,,532,2,,140,,,,,,,,,,The Knight of New Barrel,Ser,,,,,,,,,,,,,,,,,,,,,,,,,,,,,,,,,,,,,,,,,,,,
578,Jon Hollard,false,,,,,,,,5,,198,,,,,,,,,,Ser,,,,,,,,,,,,,,,,,,,,,,,,,,,,,,,,,,,,,,,,,,,,,
579,Jon Lynderly,false,,,,,,,,5,,251,8,,,,,,,,,Lord of the Snakewood,,,,,,,,,,,,,,,,,,,,,,,,,,,,,,,,,,,,,,,,,,,,,
580,Jon Myre,false,Ironborn,Pinchface Jon,,,,,,3,,278,5,8,,,,,,,,,,,,,,,,,,,,,,,,,,,,,,,,,,,,,,,,,,,,,,,,,,,,,
581,Jon Penrose,false,,,,,,,,4,,300,,,,,,,,,,Ser,,,,,,,,,,,,,,,,,,,,,,,,,,,,,,,,,,,,,,,,,,,,,
582,Jon Redfort,false,Valemen,,,,,,,5,,316,8,,,,,,,,,Ser,,,,,,,,,,,,,,,,,,,,,,,,,,,,,,,,,,,,,,,,,,,,,
583,Jon Snow,false,Northmen,Lord Snow,In 283 AC,,,,,5,Kit Harington,362,,,,,Season 1,Season 2,Season 3,Season 4,Season 5,Lord Commander of the Night's Watch,,,,,,,Ned Stark's Bastard,The Snow of Winterfell,The Crow-Come-Over,The 998th Lord Commander of the Night's Watch,,,,,,,,,,,,,1,,The Bastard of Winterfell,The Black Bastard of the Wall,Lord Crow,,,,,,,,,2,3,8,,Season 6,,,,,
584,Jon Stark,false,,,,,,,,1,,362,11,,,,,,,,,King in the North,,,,,,,,,,,,,,,,,,,,,,,,,,,,,,,,,,,,,,,,,,,,,
585,Jon Umber,false,Northmen,The Greatjon,At the Last Hearth,,,,,1,Clive Mantle,401,2,3,5,8,Season 1,,,,,Lord of the Last Hearth,,,,,,,Greatjon Umber,,,,,,,,,,,,,,,,,,,,,,,,,,,,,,,,,,,,,,
586,Jon Umber,false,Northmen,The Smalljon,,"In 299 AC, at the Twins",,,,1,Dean Jagger,401,2,3,5,8,Season 6,,,,,,,,,,,,Smalljon Umber,,,,,,,,,,,,,,,,,,,,,,,,,,,,,,,,,,,,,,
587,Jon Wylde,false,,,,,,,370,2,,438,3,5,,,,,,,,Ser,,,,,,,,,,,,,,,,,,,,,,,,,,,,,,,,,,,,,,,,,,,,,
588,Jonelle Cerwyn,true,Northmen,,"In 267 AC, at Cerwyn",,,,,1,,66,3,5,8,,,,,,,Lady of Cerwyn,,,,,,,,,,,,,,,,,,,,,,,,,,,,,,,,,,,,,,,,,,,,,
589,Jonnel Stark,false,,One-Eye,,,,,911,11,,362,2,,,,,,,,,Lord of Winterfell,Warden of the North,,,,,,,,,,,,,,,,,,,,,,,,,,,,,,,,,,,,,,,,,,,,
590,Jonos Frey,false,,,In 291 AC,,,,,2,,143,3,5,,,,,,,,,,,,,,,,,,,,,,,,,,,,,,,,,,,,,,,,,,,,,,,,,,,,,
591,Jonos Stark,false,Northmen,,,,,,,2,,362,,,,,,,,,,King in the North,Lord of Winterfell,,,,,,,,,,,,,,,,,,,,,,,,,,,,,,,,,,,,,,,,,,,,
592,Jonothor Darry,false,,Jon Darry,,"In 283 AC, at the Trident",,,,3,,97,5,,,,,,,,,Ser,,,,,,,,,,,,,,,,,,,,,,,,,,,,,,,,,,,,,,,,,,,,,
593,Jorah Stark,false,Northmen,,,,,,,2,,362,,,,,,,,,,King in the North,Lord of Winterfell,,,,,,,,,,,,,,,,,,,,,,,,,,,,,,,,,,,,,,,,,,,,
594,Jorelle Mormont,true,Northmen,Jory,In or between 278 AC and 289 AC,,,,,5,,271,8,,,,,,,,,,,,,,,,,,,,,,,,,,,,,,,,,,,,,,,,,,,,,,,,,,,,,,
595,Jory Cassel,false,Northmen,,At Winterfell,"In 298 AC, at King's Landing",,,,1,Jamie Sives,61,2,3,8,,Season 1,,,,,Captain of the guard,,,,,,,,,,,,,,,,,,,,,,,,,,,,,,,,,,,,,,,,,,,,,
596,Joseth Mallister,false,,,,,,,,4,,254,,,,,,,,,,Ser,,,,,,,,,,,,,,,,,,,,,,,,,,,,,,,,,,,,,,,,,,,,,
597,Josmyn Peckledon,false,,Peck,In 284 AC or 285 AC,,,,,2,,299,3,5,8,,,,,,,,,,,,,,,,,,,,,,,,,,,,,,,,,,,,,,,,,,,,,,,,,,,,
598,Josua Willum,false,,,,,,,,2,,429,,,,,,,,,,,,,,,,,,,,,,,,,,,,,,,,,,,,,,,,,,,,,,,,,,,,,,,
599,Jothos Slynt,false,,,,,,,,3,,354,,,,,,,,,,,,,,,,,,,,,,,,,,,,,,,,,,,,,,,,,,,,,,,,,,,,,,,
600,Joyeuse Erenford,true,,,In 282 AC or 283 AC,,,,1093,1,Kelly Long,115,2,3,5,8,Season 1,Season 3,,,,Lady of the Crossing,,,,,,,,,,,,,,,,143,,,,,,,,,,,,,,,,,,,,,,,,,,,,,
601,Justin Massey,false,,The Smiler,,,,,,5,,260,8,,,,,,,,,Ser,,,,,,,,,,,,,,,,15,,,,,,,,,,,,,,,,,,,,,,,,,,,,,
602,Jyanna Frey,true,,,,,,,180,2,,143,3,5,,,,,,,,,,,,,,,,,,,,,,,,,,,,,,,,,,,,,,,,,,,,,,,,,,,,,
603,Karlon Stark,false,Northmen,,,,,,,3,,362,,,,,,,,,,Lord of Karl's Hold,,,,,,,,,,,,,,,,215,,,,,,,,,,,,,,,,,,,,,,,,,,,,,
604,Karyl Vance,false,,,At Wayfarer's Rest,,,,,1,,405,2,3,5,8,,,,,,Ser,Lord of Wayfarer's Rest,,,,,,,,,,,,,,,,,,,,,,,,,,,,,,,,,,,,,,,,,,,,
605,Kevan Lannister,false,,,In 244 AC,"In 300 AC, at King's Landing",,,327,1,Ian Gelder,229,2,3,5,,Season 1,Season 2,Season 5,Season 6,,Ser,Master of laws,Lord Regent,Protector of the Realm,,,,,,,,,,,,,,,,,,,,8,,,,,,,,,,,,,,,,,,,,,,
606,Kirth Vance,false,,,,,,,,3,,404,5,,,,,,,,,,,,,,,,,,,,,,,,,,,,,,,,,,,,,,,,,,,,,,,,,,,,,,
607,Kyle Condon,false,,,,,,,,3,,78,,,,,,,,,,Ser,,,,,,,,,,,,,,,,,,,,,,,,,,,,,,,,,,,,,,,,,,,,,
608,Kyle Royce,false,,,,At King's Landing,,,,2,,328,,,,,,,,,,,,,,,,,,,,,,,,,,,,,,,,,,,,,,,,,,,,,,,,,,,,,,,
609,Kyra Frey,true,,,In or between 262 AC and 277 AC,,,,404,2,,143,3,5,,,,,,,,,,,,,,,,,,,,,,,,,,,,,,,,,,,,,,,,,,,,,,,,,,,,,
610,Laena Velaryon,true,Valyrian,,In 93 AC,"In 120 AC, at Driftmark",,,269,11,,407,10,9,,,,,,,,,,,,,,,,,,,,,,,,378,,,,,,,,,,,,,,,,,,,,,,,,,,,,,
611,Laenor Velaryon.,false,Valyrian,,In 94 AC,"In 120 AC, at Spicetown",,,874,11,,407,10,9,,,,,,,,Ser,,,,,,,,,,,,,,,,378,,,,,,,,,,,,,,,,,,,,,,,,,,,,,
612,Lambert Turnberry,false,,,,,,,,5,,396,8,,,,,,,,,Ser,,,,,,,,,,,,,,,,,,,,,,,,,,,,,,,,,,,,,,,,,,,,,
613,Lancel Lannister,false,,,In 282 AC,,,,114,1,Eugene Simon,229,2,3,5,8,Season 1,Season 2,Season 5,,,Ser,Lord of Darry,,,,,,,,,,,,,,,230,,,,,,,,,,,,,,,,,,,,,,,,,,,,,
614,Lancel V Lannister,false,,,,,,,,6,,,,,,,,,,,,King of the Rock,,,,,,,,,,,,,,,,,,,,,,,,,,,,,,,,,,,,,,,,,,,,,
615,Lann,false,,Lann the Clever,In Age of Heroes,,,,,11,,229,1,,,,,,,,,,,,,,,,,,,,,,,,,,,,,,,,,,,,,,,,,,,,,,,,,,,,,,
616,Lanna Lannister,true,,,In or between 271 AC and 286 AC,,,,124,3,,229,5,8,11,,,,,,,,,,,,,,,,,,,,,,,212,,,,,,,,,,,,,,,,,,,,,,,,,,,,,
617,Larence Snow,false,Northmen,,In 286 AC,,,,,2,,202,3,5,,,,,,,,,,,,,,,,,,,,,,,,,,,,,,,,,,,,,,,,,,,,,,,,,,,,,
618,Larys Strong,false,,Larys Clubfoot,In 91 AC or before,,,,,10,,369,9,,,,,,,,,Lord of Harrenhal,Master of whisperers,,,,,,,,,,,,,,,,,,,,,,,,,,,,,,,,,,,,,,,,,,,,
619,Leana Frey,true,,,In 299 AC or 300 AC,,,,,5,,143,,,,,,,,,,,,,,,,,,,,,,,,,,,,,,,,,,,,,,,,,,,,,,,,,,,,,,,
620,Lenwood Tawney,false,Ironborn,Little Lenwood Tawney,,,,,,5,,381,,,,,,,,,,,,,,,,,,,,,,,,,,,,,,,,,,,,,,,,,,,,,,,,,,,,,,,
621,Leo Blackbar,false,,,,,,,783,3,,22,5,,,,,,,,,Ser,,,,,,,,,,,,,,,,,,,,,,,,,,,,,,,,,,,,,,,,,,,,,
622,Leo Lefford,false,,,,"In 299 AC, at Trident",,,,1,,234,2,3,5,8,,,,,,Lord of the Golden Tooth,,,,,,,,,,,,,,,,,,,,,,,,,,,,,,,,,,,,,,,,,,,,,
623,Leo Tyrell,false,Reach,Leo Longthorn,,,,,,11,,398,4,7,3,,,,,,,Lord Paramount of the Mander,Lord of Highgarden,Defender of the Marches,High Marshal of the Reach,Warden of the South,,,,,,,,,,,,,,,,,,,,,,,,,,,,,,,,,,,,,,,,,
624,Leo Tyrell,false,,,,,,,94,3,,398,5,,,,,,,,,Ser,,,,,,,,,,,,,,,,,,,,,,,,,,,,,,,,,,,,,,,,,,,,,
625,Leobald Tallhart,false,Northmen,,At Torrhen's Square,"In 299 AC, at Winterfell",,,189,2,,376,3,5,8,,,,,,,Castellan of Torrhen's Square,,,,,,,,,,,,,,,,,,,,,,,,,,,,,,,,,,,,,,,,,,,,,
626,Leona Tyrell,true,,,,,,,,3,,398,5,,,,,,,,,,,,,,,,,,,,,,,,,,,,,,,,,,,,,,,,,,,,,,,,,,,,,,
627,Leona Woolfield,true,,,,,,,1122,5,,434,8,,,,,,,,,,,,,,,,,,,,,,,,,255,,,,,,,,,,,,,,,,,,,,,,,,,,,,,
628,Leonella Lefford,true,,,,,,,649,2,,234,3,5,,,,,,,,,,,,,,,,,,,,,,,,143,,,,,,,,,,,,,,,,,,,,,,,,,,,,,
629,Leslyn Haigh,false,,,,,,,819,2,,172,3,5,8,,,,,,,Ser,,,,,,,,,,,,,,,,,,,,,,,,,,,,,,,,,,,,,,,,,,,,,
630,Lester Morrigen,false,,,,,,,,3,,272,5,8,,,,,,,,Lord of Crows Nest,,,,,,,,,,,,,,,,,,,,,,,,,,,,,,,,,,,,,,,,,,,,,
631,Lewyn Martell,false,Dornish,,,"In 283 AC, at the Trident",,,,1,,285,3,5,8,,,,,,,Prince,Ser,,,,,,,,,,,,,,,,,,,,,,,,,,,,,,,,,,,,,,,,,,,,
632,Lewys Lydden,false,,,,,,,,1,,250,2,3,5,8,,,,,,Lord of the Deep Den,,,,,,,,,,,,,,,,,,,,,,,,,,,,,,,,,,,,,,,,,,,,,
633,Lewys Piper,false,Rivermen,Little Lew,,,,,,5,,302,8,,,,,,,,,,,,,,,,,,,,,,,,,,,,,,,,,,,,,,,,,,,,,,,,,,,,,,
634,Leyla Hightower,true,,,,,,,1553,5,,195,,,,,,,,,,,,,,,,,,,,,,,,,,,,,,,,,,,,,,,,,,,,,,,,,,,,,,,
635,Leyton Hightower,false,,Old Man of Oldtown,,,,,877,1,,195,2,3,5,8,,,,,,Lord of the Hightower,Lord of the Port,Voice of Oldtown,Defender of the Citadel,Beacon of the South,,,,,,,,,,,,,,,,,,,,,,,,,,,,,,,,,,,,,,,,,
636,Lia Serry,true,,,,,,,1019,3,,343,5,,,,,,,,,,,,,,,,,,,,,,,,,398,,,,,,,,,,,,,,,,,,,,,,,,,,,,,
637,Liane Vance,true,,,,,,,,5,,405,,,,,,,,,,,,,,,,,,,,,,,,,,,,,,,,,,,,,,,,,,,,,,,,,,,,,,,
638,Lollys Stokeworth,true,,Lollys Lackwit,In 265 AC,,,,217,2,,364,3,5,8,,,,,,,Lady of Stokeworth,,,,,,,,,,,,,,,,,,,,,,,,,,,,,,,,,,,,,,,,,,,,,
639,Lomas Estermont,false,Stormlands,,,,,,,2,,117,3,5,8,,,,,,,Ser,,,,,,,,,,,,,,,,,,,,,,,,,,,,,,,,,,,,,,,,,,,,,
640,Loras Tyrell,false,Reach,The Knight of Flowers,"In 282 AC, at Highgarden",,,,,1,Finn Jones,398,2,3,5,8,Season 1,Season 2,Season 3,Season 4,Season 5,Ser,Lord Commander of the Rainbow Guard,,,,,,Knight o' Pansies,Ser Daisy,,,,,,,,,,,,,,,,,,,,,,,,,,,,,,,,Season 6,,,,,
641,Lord Ashford,false,Reach,,,,,,,4,,8,,,,,,,,,,Lord of Ashford,,,,,,,,,,,,,,,,,,,,,,,,,,,,,,,,,,,,,,,,,,,,,
642,Lord Caswell,false,,,,,,,,8,,63,,,,,,,,,,Lord of Bitterbridge,Defender of the Fords,,,,,,,,,,,,,,,,,,,,,,,,,,,,,,,,,,,,,,,,,,,,
643,Lord Staunton,false,,,,"In 129 AC, at Rook's Rest",,,,9,,363,,,,,,,,,,Lord of Rook's Rest,,,,,,,,,,,,,,,,,,,,,,,,,,,,,,,,,,,,,,,,,,,,,
644,Lorent Caswell,false,,,,,,,,2,,63,8,,,,,,,,,Lord of Bitterbridge,Defender of the Fords,,,,,,,,,,,,,,,,,,,,,,,,,,,,,,,,,,,,,,,,,,,,
645,Lorent Lorch,false,,,,,,,,5,,245,8,,,,,,,,,Ser,,,,,,,,,,,,,,,,,,,,,,,,,,,,,,,,,,,,,,,,,,,,,
646,Lorent Marbrand,false,Westerman,,,"In 130 AC, at King's Landing",,,,9,,258,,,,,,,,,,Ser,Lord Commander of the Queensguard,,,,,,,,,,,,,,,,,,,,,,,,,,,,,,,,,,,,,,,,,,,,
647,Lorent Tyrell,false,,,,,,,,3,,398,5,,,,,,,,,,,,,,,,,,,,,,,,,,,,,,,,,,,,,,,,,,,,,,,,,,,,,,
648,Lorra Royce,true,,,,,,,192,11,,328,,,,,,,,,,Lady of Winterfell,,,,,,,,,,,,,,,,362,,,,,,,,,,,,,,,,,,,,,,,,,,,,,
649,Lothar Frey,false,Rivermen,Lame Lothar,"In 265 AC or 266 AC, at Twins",,,,628,1,Tom Brooke,143,2,3,5,8,Season 3,,,,,Steward of the Twins,,,,,,,,,,,,,,,,,,,,,,,,,,,,,,,,,,,,,,,,,,,,,
650,Lothar Mallery,false,,,,"In 298 AC, at Mummer's Ford",,,,1,,253,3,,,,,,,,,Lord,,,,,,,,,,,,,,,,,,,,,,,,,,,,,,,,,,,,,,,,,,,,,
651,Lothor Brune,false,,Lothor Apple-Eater,,,,,,1,,48,2,3,5,8,,,,,,Ser,,,,,,,,,,,,,,,,10,,,,,,,,,,,,,,,,,,,,,,,,,,,,,
652,Lucamore Strong,false,,Lucamore the Lusty,,,,,,5,,369,,,,,,,,,,Ser,,,,,,,,,,,,,,,,,,,,,,,,,,,,,,,,,,,,,,,,,,,,,
653,Lucas Codd,false,Ironborn,Left-Hand Lucas,,,,,,5,,75,8,,,,,,,,,,,,,,,,,,,,,,,,,,,,,,,,,,,,,,,,,,,,,,,,,,,,,,
654,Lucas Corbray,false,,,,,,,,5,,81,8,,,,,,,,,Ser,,,,,,,,,,,,,,,,,,,,,,,,,,,,,,,,,,,,,,,,,,,,,
655,Lucas Inchfield,false,,Lucas the Longinch,,"In 211 AC, at the Chequy Water",,,,6,,209,7,,,,,,,,,Ser,,,,,,,,,,,,,,,,419,,,,,,,,,,,,,,,,,,,,,,,,,,,,,
656,Lucas Lothston,false,,,,,,,391,11,,246,,,,,,,,,,Lord of Harrenhal,Hand of the King,,,,,,,,,,,,,,,,,,,,,,,,,,,,,,,,,,,,,,,,,,,,
657,Lucas Roote,false,,,,"In 299 AC, at the Riverlands",,,,3,,324,,,,,,,,,,,,,,,,,,,,,,,,,,,,,,,,,,,,,,,,,,,,,,,,,,,,,,,
658,Lucas Tyrell,false,,,,,,,,3,,398,5,,,,,,,,,,,,,,,,,,,,,,,,,,,,,,,,,,,,,,,,,,,,,,,,,,,,,,
659,Luceon Frey,false,,,In or between 249 AC and 257 AC,,,,,2,,,3,5,8,,,,,,,Septon,,,,,,,,,,,,,,,,,,,,,,,,,,,,,,,,,,,,,,,,,,,,,
660,Lucias Vypren,false,,,,,,,690,2,,410,3,5,8,,,,,,,Lord,,,,,,,,,,,,,,,,,,,,,,,,,,,,,,,,,,,,,,,,,,,,,
661,Lucimore Botley,false,Ironborn,,,,,,,5,,36,,,,,,,,,,,,,,,,,,,,,,,,,,,,,,,,,,,,,,,,,,,,,,,,,,,,,,,
662,Lucion Lannister,false,,,In or between 270 AC and 285 AC,,,,,3,,229,5,8,11,,,,,,,Ser,,,,,,,,,,,,,,,,,,,,,,,,,,,,,,,,,,,,,,,,,,,,,
663,Lucos Chyttering,false,,Little Lucos,In 283 AC,,,,,3,,71,5,,,,,,,,,Lord,,,,,,,,,,,,,,,,,,,,,,,,,,,,,,,,,,,,,,,,,,,,,
664,Luthor Tyrell,false,Reach,,At Highgarden,,,,784,3,,398,,,,,,,,,,Lord Paramount of the Mander,Lord of Highgarden,Defender of the Marches,High Marshal of the Reach,Warden of the South,,,,,,,,,,,,,,,,,,,,,,,,,,,,,,,,,,,,,,,,,
665,Luthor Tyrell,false,,,,,,,372,3,,398,5,,,,,,,,,Ser,,,,,,,,,,,,,,,,,,,,,,,,,,,,,,,,,,,,,,,,,,,,,
666,Luthor Tyrell,false,,,,,,,,3,,398,5,,,,,,,,,,,,,,,,,,,,,,,,,,,,,,,,,,,,,,,,,,,,,,,,,,,,,,
667,Lyanna Mormont,true,Northmen,,In 290 AC,,,,,5,Bella Ramsey,271,8,,,,Season 6,,,,,,,,,,,,,,,,,,,,,,,,,,,,,,,,,,,,,,,,,,,,,,,,,,
668,Lyarra Stark,true,Northmen,,,,,,887,11,,362,,,,,,,,,,,,,,,,,,,,,,,,,,,,,,,,,,,,,,,,,,,,,,,,,,,,,,,
669,Lyessa Flint,true,Northmen,,,,,,,2,,132,3,5,,,,,,,,Lady of Widow's Watch,,,,,,,,,,,,,,,,,,,,,,,,,,,,,,,,,,,,,,,,,,,,,
670,Lyle Crakehall,false,,Strongboar,At Crakehall,,,,,2,,86,3,5,,,,,,,,Ser,,,,,,,,,,,,,,,,,,,,,,,,,,,,,,,,,,,,,,,,,,,,,
671,Lyman Beesbury,false,,,In 48 AC or 49 AC,"In 129 AC, at King's Landing",,,,9,,18,,,,,,,,,,Lord,Master of coin,,,,,,,,,,,,,,,,,,,,,,,,,,,,,,,,,,,,,,,,,,,,
672,Lyman Darry,false,,,In 290 AC or 291 AC,"In 299 AC, at Darry",,,,1,,97,2,,,,,,,,,Lord of Darry,,,,,,,,,,,,,,,,,,,,,,,,,,,,,,,,,,,,,,,,,,,,,
673,Lymond Goodbrook,false,,,,,,,,3,,151,5,8,,,,,,,,Lord,,,,,,,,,,,,,,,,,,,,,,,,,,,,,,,,,,,,,,,,,,,,,
674,Lymond Lychester,false,Rivermen,,,,,,,3,,249,5,,,,,,,,,Lord of Castle Lychester,,,,,,,,,,,,,,,,,,,,,,,,,,,,,,,,,,,,,,,,,,,,,
675,Lymond Mallister,false,,,,,,,,10,,254,,,,,,,,,,Lord of Seagard,,,,,,,,,,,,,,,,,,,,,,,,,,,,,,,,,,,,,,,,,,,,,
676,Lymond Vikary,false,,,,,,,,2,,408,3,5,8,,,,,,,Ser,,,,,,,,,,,,,,,,,,,,,,,,,,,,,,,,,,,,,,,,,,,,,
677,Lyn Corbray,false,,,At Heart's Home,,,,,1,,81,2,3,5,8,,,,,,Ser,,,,,,,,,,,,,,,,,,,,,,,,,,,,,,,,,,,,,,,,,,,,,
678,Lynesse Hightower,true,,,,,,,1560,2,,195,3,5,8,,,,,,,,,,,,,,,,,,,,,,,,,,,,,,,,,,,,,,,,,,,,,,,,,,,,
679,Lyonel Baratheon,false,,The Laughing Storm,,In or between 239 AC and 245 AC,,,,11,,17,4,,,,,,,,,Ser  Lord of Storm's End Lord Paramount of the Stormlands  Storm King (briefly),,,,,,,,,,,,,,,,,,,,,,,,,,,,,,,,,,,,,,,,,,,,,
680,Lyonel Bentley,false,,,,"In 130 AC, at between Stokeworth and Duskendale",,,,9,,,,,,,,,,,,Ser,,,,,,,,,,,,,,,,,,,,,,,,,,,,,,,,,,,,,,,,,,,,,
681,Lyonel Corbray,false,,,"In 260 AC (roughly), at Heart's Home",,,,,5,,81,8,,,,,,,,,Lord of Heart's Home,,,,,,,,,,,,,,,,,,,,,,,,,,,,,,,,,,,,,,,,,,,,,
682,Lyonel Frey,false,,,In or between 259 AC and 283 AC,,,,741,2,,142,3,5,8,,,,,,,Ser,,,,,,,,,,,,,,,,,,,,,,,,,,,,,,,,,,,,,,,,,,,,,
683,Lyonel Selmy,false,,,,,,,,3,,341,,,,,,,,,,Ser,Knight of Harvest Hall,,,,,,,,,,,,,,,,,,,,,,,,,,,,,,,,,,,,,,,,,,,,
684,Lyonel Strong,false,,,,"In 120 AC, at Harrenhal",,,,10,,369,,,,,,,,,,Lord of Harrenhal,Master of laws,Hand of the King,,,,,,,,,,,,,,,,,,,,,,,,,,,,,,,,,,,,,,,,,,,
685,Lyonel Tyrell,false,Reach,,,"In 159 AC or 160 AC, at Sandstone",,,,11,,398,9,,,,,,,,,Lord Paramount of the Mander,Lord of Highgarden,Defender of the Marches,High Marshal of the Reach,Warden of the South,,,,,,,,,,,,,,,,,,,,,,,,,,,,,,,,,,,,,,,,,
686,Lyonel Tyrell,false,,,,,,,,3,,398,5,,,,,,,,,,,,,,,,,,,,,,,,,,,,,,,,,,,,,,,,,,,,,,,,,,,,,,
687,Lyra Mormont,true,Northmen,,In or between 277 AC and 288 AC,,,,,5,,271,8,,,,,,,,,,,,,,,,,,,,,,,,,,,,,,,,,,,,,,,,,,,,,,,,,,,,,,
688,Lysa Arryn,true,,Lysa Tully,"In 266 AC or 267 AC, at Riverrun","In 300 AC, at the Eyrie",,,572,1,Kate Dickie,395,2,3,5,8,Season 1,Season 4,,,,Lady of the Vale,,,,,,,,,,,,,,,,7,,,,,,,,11,,,,,,,,,,,,,,,,,,,,,
689,Lysa Meadows,true,,,,,,,785,3,,261,5,,,,,,,,,,,,,,,,,,,,,,,,,398,,,,,,,,,,,,,,,,,,,,,,,,,,,,,
690,Lythene Frey,true,,,In 251 AC and 259 AC,,,,660,2,,143,3,5,8,,,,,,,,,,,,,,,,,,,,,,,,,,,,,,,,,,,,,,,,,,,,,,,,,,,,
691,Mace Tyrell,false,,Lord Oaf,In After 256 AC,,,,69,1,Roger Ashton-Griffiths,398,2,3,5,8,Season 4,Season 5,Season 6,,,Lord of Highgarden,Defender of the Marches,High Marshal of the Reach,Warden of the South,Hand of the King,Master of ships (formerly),,The Fat Flower,Lord Puff Fish,,,,,,,,,,,,,,,,,,,,,,,,,,,,,,,,,,,,,
692,Maege Mormont,true,Northmen,The She-Bear,In or between 239 AC and 257 AC,,,,,1,Elizabeth Barrett,271,2,3,5,8,Season 1,,,,,Lady of Bear Island,,,,,,,,,,,,,,,,,,,,,,,,,,,,,,,,,,,,,,,,,,,,,
693,Maegelle Frey,true,,,In or between 249 AC and 266 AC,,,,1305,2,,143,3,5,,,,,,,,,,,,,,,,,,,,,,,,,,,,,,,,,,,,,,,,,,,,,,,,,,,,,
694,Maegor I,false,,Maegor the Cruel,12 AC,"48 AC, at King's Landing",38,2071,239,11,,,10,9,1,3,,,,,,"King of the Andals, the Rhoynar and the First Men",Lord of the Seven Kingdoms,Protector of the Realm,Hand of the King,Ser,,,,,,,,,,,,,,,,,,,,,,,,,,,,,,,,,,,,,,,,,
695,Maekar I,false,,The Anvil,"or between 174 AC and 178 AC, at King's Landing","233 AC, at Starpike",274,709,334,11,,,4,6,7,1,,,,,,"King of the Andals, the Rhoynar and the First Men",Lord of the Seven Kingdoms,Protector of the Realm,Prince of Summerhall,,,,,,,,276,58,266,46,,,,,,,865,,,,,,,,,,,,,,,,,,,,,,,,
696,Maelor Targaryen,false,,,"In 127 AC, at King's Landing","In 130 AC, at Bitterbridge",,,,10,,378,9,11,,,,,,,,Prince,,,,,,,,,,,,,,,,,,,,,,,,,,,,,,,,,,,,,,,,,,,,,
697,Maelys I Blackfyre,false,Valyrian,Maelys the Monstrous,,"In 260 AC, at Stepstones",,,,11,,23,3,8,,,,,,,,,,,,,,,,,,,,,,,,,,,,,,,,,,,,,,,,,,,,,,,,,,,,,
698,Maldon Massey,false,First Men,,,,,,,11,,260,,,,,,,,,,Lord of Stonedance,,,,,,,,,,,,,,,,,,,,,,,,,,,,,,,,,,,,,,,,,,,,,
699,Mallador Locke,false,,,,"In 299 AC, at Fist of the First Men",,,,2,,,3,,,,,,,,,Ser,,,,,,,,,,,,,,,,,,,,,,,,,,,,,,,,,,,,,,,,,,,,,
700,Malwyn Frey,false,,,In 284 AC,,,,,2,,143,3,5,,,,,,,,,,,,,,,,,,,,,,,,,,,,,,,,,,,,,,,,,,,,,,,,,,,,,
701,Mandon Moore,false,Valemen,,,"In 299 AC, at the Blackwater Rush",,,,1,James Doran,268,2,3,,,Season 1,Season 2,,,,Ser,,,,,,,,,,,,,,,,,,,,,,,,,,,,,,,,,,,,,,,,,,,,,
702,Manfred Dondarrion,false,,,,,,,,4,,102,,,,,,,,,,Ser,,,,,,,,,,,,,,,,,,,,,,,,,,,,,,,,,,,,,,,,,,,,,
703,Manfred Lothston,false,,,,,,,,6,,246,,,,,,,,,,,,,,,,,,,,,,,,,,,,,,,,,,,,,,,,,,,,,,,,,,,,,,,
704,Manfred Swann,false,,,,,,,,3,,373,,,,,,,,,,Ser,,,,,,,,,,,,,,,,,,,,,,,,,,,,,,,,,,,,,,,,,,,,,
705,Manfrey Martell,false,Dornish,,,,,,,5,,285,8,,,,,,,,,Ser,Castellan of Sunspear,,,,,,,,,,,,,,,,,,,,,,,,,,,,,,,,,,,,,,,,,,,,
706,Manfryd Lothston,false,,Manfryd o' the Black Hood,,,,,,5,,246,,,,,,,,,,,,,,,,,,,,,,,,,,,,,,,,,,,,,,,,,,,,,,,,,,,,,,,
707,Manfryd Yew,false,,,,,,,,5,,443,8,,,,,,,,,Ser,,,,,,,,,,,,,,,,,,,,,,,,,,,,,,,,,,,,,,,,,,,,,
708,Margot Lannister,true,,,,,,,1027,3,,229,5,8,,,,,,,,Lady of Starpike,,,,,,,,,,,,,,,,296,,,,,,,,,,,,,,,,,,,,,,,,,,,,,
709,Mariah Martell,true,Dornish,Myriah Martell,,,,,274,11,,285,4,1,5,,,,,,,Princess,,,,,,,,,,,,,,,,378,,,,,,,,,,,,,,,,,,,,,,,,,,,,,
710,Maric Seaworth,false,,,,"In 299 AC, at Blackwater Rush",,,,2,,340,3,5,8,,,,,,,Oarmaster,,,,,,,,,,,,,,,,,,,,,,,,,,,,,,,,,,,,,,,,,,,,,
711,Marissa Frey,true,,,In 286 AC,,,,,2,,143,3,5,,,,,,,,,,,,,,,,,,,,,,,,,,,,,,,,,,,,,,,,,,,,,,,,,,,,,
712,Mariya Darry,true,,,,,,,751,2,,97,3,5,,,,,,,,,,,,,,,,,,,,,,,,143,,,,,,,,,,,,,,,,,,,,,,,,,,,,,
713,Mark Mullendore,false,,,,,,,,2,,275,3,5,8,,,,,,,Ser,,,,,,,,,,,,,,,,,,,,,,,,,,,,,,,,,,,,,,,,,,,,,
714,Mark Ryswell,false,Northmen,,,"In 283 AC, at the Tower of Joy",,,,1,,335,,,,,,,,,,Ser,,,,,,,,,,,,,,,,,,,,,,,,,,,,,,,,,,,,,,,,,,,,,
715,Marlon Manderly,false,,,At White Harbor,,,,,5,,255,8,,,,,,,,,Ser,Commander of the garrison at White Harbor,,,,,,,,,,,,,,,,,,,,,,,,,,,,,,,,,,,,,,,,,,,,
716,Marna Locke,true,Northmen,,,,,,351,11,,239,,,,,,,,,,Lady of Winterfell,,,,,,,,,,,,,,,,362,,,,,,,,,,,,,,,,,,,,,,,,,,,,,
717,Maron Botley,false,,Fishwhiskers,,,,,,2,,36,3,,,,,,,,,,,,,,,,,,,,,,,,,,,,,,,,,,,,,,,,,,,,,,,,,,,,,,
718,Maron Greyjoy,false,Ironborn,,In 275 AC or before,"In 289 AC, at Pyke",,,,1,,169,2,3,5,8,,,,,,,,,,,,,,,,,,,,,,,,,,,,,,,,,,,,,,,,,,,,,,,,,,,
719,Maron Nymeros Martell,false,Dornish,,,,,,271,5,,285,8,11,,,,,,,,Prince of Dorne,,,,,,,,,,,,,,,,,,,,,,,,,,,,,,,,,,,,,,,,,,,,,
720,Maron Volmark,false,Ironborn,,In 283 AC or 284 AC,,,,,3,,409,5,8,,,,,,,,Lord of Volmark,Lord of Greenshield,,,,,,,,,,,,,,,,,,,,,,,,,,,,,,,,,,,,,,,,,,,,
721,Marq Piper,false,Rivermen,,At Pinkmaiden Castle,,,,,1,,302,2,3,5,8,,,,,,Ser,,,,,,,,,,,,,,,,,,,,,,,,,,,,,,,,,,,,,,,,,,,,,
722,Marq Rankenfell,false,,Mad Marq Rankenfell,,,,,,3,,,,,,,,,,,,Lord Commander of the Night's Watch,,,,,,,,,,,,,,,,,,,,,,,,,,,,,,,,,,,,,,,,,,,,,
723,Marsella Waynwood,true,,,,,,,994,2,,417,3,5,,,,,,,,,,,,,,,,,,,,,,,,143,,,,,,,,,,,,,,,,,,,,,,,,,,,,,
724,Martyn Cassel,false,Northmen,,,"In 284 AC, at the Tower of Joy",,,,1,,61,2,,,,,,,,,,,,,,,,,,,,,,,,,,,,,,,,,,,,,,,,,,,,,,,,,,,,,,
725,Martyn Lannister,false,,,In or between 285 AC and 287 AC,,,,,1,Dean-Charles Chapman,229,2,3,5,8,Season 3,,,,,,,,,,,,,,,,,,,,,,,,,,,,,,,,,,,,,,,,,,,,,,,,,,
726,Martyn Mullendore,false,,,,,,,,5,,275,,,,,,,,,,Lord of Uplands,,,,,,,,,,,,,,,,,,,,,,,,,,,,,,,,,,,,,,,,,,,,,
727,Marwyn Belmore,false,,Ser Ding-Dong,,,,,,2,,19,3,5,,,,,,,,Ser,,,,,,,,,,,,,,,,,,,,,,,,,,,,,,,,,,,,,,,,,,,,,
728,Mary Mertyns,true,Westeros,,,,,,,8,,265,,,,,,,,,,Lady of Mistwood,,,,,,,,,,,,,,,,,,,,,,,,,,,,,,,,,,,,,,,,,,,,,
729,Matarys Targaryen,false,,The Even Younger Prince,In 184 AC or later,"In 209 AC, at King's Landing",,,,11,,378,4,6,7,,,,,,,Prince,,,,,,,,,,,,,,,,,,,,,,,,,,,,,,,,,,,,,,,,,,,,,
730,Mathis Frey,false,,,In 294 AC,,,,,2,,143,3,5,,,,,,,,,,,,,,,,,,,,,,,,,,,,,,,,,,,,,,,,,,,,,,,,,,,,,
731,Mathis Rowan,false,Reach,,,,,,198,1,,326,2,3,5,8,,,,,,Lord of Goldengrove,Marshall of the Northmarch,,,,,,,,,,,,,,,,,,,,,,,,,,,,,,,,,,,,,,,,,,,,
732,Maynard Plumm,false,,,,,,,,7,,303,,,,,,,,,,Ser,,,,,,,,,,,,,,,,,,,,,,,,,,,,,,,,,,,,,,,,,,,,,
733,Medgar Tully,false,Rivermen,,,In or between 209 AC and 211 AC,,,,4,,395,,,,,,,,,,Lord Paramount of the Trident,Lord of Riverrun,,,,,,,,,,,,,,,,,,,,,,,,,,,,,,,,,,,,,,,,,,,,
734,Medger Cerwyn,false,Northmen,,At Cerwyn,"In 299 AC, at Harrenhal",,,,1,,66,2,,,,,,,,,Lord of Cerwyn,,,,,,,,,,,,,,,,,,,,,,,,,,,,,,,,,,,,,,,,,,,,,
735,Meera Reed,true,Crannogmen,,"In 283 AC, at Greywater Watch",,,,,2,Ellie Kendrick,318,3,5,8,,Season 3,Season 4,Season 6,,,,,,,,,,,,,,,,,,,,,,,,,,,,,,,,,,,,,,,,,,,,,,,,
736,Megga Tyrell,true,,,In 286 AC (roughly),,,,,3,,398,5,8,,,,,,,,,,,,,,,,,,,,,,,,,,,,,,,,,,,,,,,,,,,,,,,,,,,,,
737,Melantha Blackwood,true,,,,,,,1111,11,,27,,,,,,,,,,Lady of Winterfell,,,,,,,,,,,,,,,,362,,,,,,,,,,,,,,,,,,,,,,,,,,,,,
738,Melara Crane,true,,,,,,,72,2,,87,3,5,,,,,,,,,,,,,,,,,,,,,,,,133,,,,,,,,,,,,,,,,,,,,,,,,,,,,,
739,Melara Hetherspoon,true,,,In 264 AC or 265 AC,In 276 AC,,,,5,,193,8,,,,,,,,,,,,,,,,,,,,,,,,,,,,,,,,,,,,,,,,,,,,,,,,,,,,,,
740,Meldred Merlyn,false,Ironborn,The Merlyn,,,,,,2,,263,3,5,8,,,,,,,Lord of Pebbleton,,,,,,,,,,,,,,,,,,,,,,,,,,,,,,,,,,,,,,,,,,,,,
741,Melesa Crakehall,true,,,,,,,682,2,,86,3,5,,,,,,,,,,,,,,,,,,,,,,,,,,,,,,,,,,,,,,,,,,,,,,,,,,,,,
742,Melessa Florent,true,,,,,,,850,2,Samantha Spiro,133,3,5,,,Season 6,,,,,,,,,,,,,,,,,,,,,379,,,,,,,,,,,,,,,,,,,,,,,,,,,,,
743,Melisandre,true,Asshai,The Red Priestess,At Unknown,,,,,2,Carice van Houten,,3,5,,,Season 2,Season 3,Season 4,Season 5,Season 6,,,,,,,,The Red Woman,The King's Red Shadow,Lady Red,Lot Seven,,,,,,,,,,,,,8,,,,,,,,,,,,,,,,,,,,,,
744,Melissa Blackwood,true,,Missy,In or between 156 AC and 160 AC,,,,,11,,27,8,,,,,,,,,,,,,,,,,,,,,,,,,,,,,,,,,,,,,,,,,,,,,,,,,,,,,,
745,Melwyn Sarsfield,false,,,,,,,974,3,,338,5,,,,,,,,,Ser,,,,,,,,,,,,,,,,,,,,,,,,,,,,,,,,,,,,,,,,,,,,,
746,Meredyth Crane,true,,Merry,At Red Lake,,,,,3,,87,5,8,,,,,,,,,,,,,,,,,,,,,,,,,,,,,,,,,,,,,,,,,,,,,,,,,,,,,
747,Merianne Frey,true,,Merry Frey,In 288 AC,,,,,2,,143,3,5,,,,,,,,,,,,,,,,,,,,,,,,,,,,,,,,,,,,,,,,,,,,,,,,,,,,,
748,Merlon Crakehall,false,,,,,,,,3,,86,5,,,,,,,,,Ser,,,,,,,,,,,,,,,,,,,,,,,,,,,,,,,,,,,,,,,,,,,,,
749,Mern IX Gardener,false,,,,", at the Field of Fire",,,,11,,,1,,,,,,,,,King of the Reach,Lord of Highgarden,,,,,,,,,,,,,,,,,,,,,,,,,,,,,,,,,,,,,,,,,,,,
750,Merrell Florent,false,,,,,,,,2,,133,3,5,,,,,,,,,,,,,,,,,,,,,,,,,,,,,,,,,,,,,,,,,,,,,,,,,,,,,
751,Merrett Frey,false,Rivermen,Merrett Muttonhead,In 262 AC,"In 300 AC, at Near Oldstones",,,712,1,,143,2,5,8,,,,,,,,,,,,,,,,,,,,,,,,,,,,,,3,,,,,,,,,,,,,,,,,,,,,,
752,Meryn Trant,false,,,,,,,,1,Ian Beattie,393,2,3,5,8,Season 1,Season 2,Season 3,Season 4,Season 5,Ser,,,,,,,,,,,,,,,,,,,,,,,,,,,,,,,,,,,,,,,,,,,,,
753,Michael Mertyns,false,,The White Owl,,,,,,5,,265,,,,,,,,,,Ser,,,,,,,,,,,,,,,,,,,,,,,,,,,,,,,,,,,,,,,,,,,,,
754,Mina Tyrell,true,,,,,,,815,1,,398,2,3,5,8,,,,,,,,,,,,,,,,,,,,,,317,,,,,,,,,,,,,,,,,,,,,,,,,,,,,
755,Minisa Whent,true,Rivermen,,,At Riverrun,,,503,1,,427,2,3,,,,,,,,Lady of Riverrun,,,,,,,,,,,,,,,,395,,,,,,,,,,,,,,,,,,,,,,,,,,,,,
756,Monford Velaryon,false,Valyrian,,,"In 299 AC, at Blackwater Rush",,,,2,,407,3,,,,,,,,,Lord of the Tides,Master of Driftmark,,,,,,,,,,,,,,,,,,,,,,,,,,,,,,,,,,,,,,,,,,,,
757,Monterys Velaryon,false,,,In 293 AC,,,,,3,,407,5,,,,,,,,,Lord of the Tides,Master of Driftmark,,,,,,,,,,,,,,,,,,,,,,,,,,,,,,,,,,,,,,,,,,,,
758,Moqorro,false,,Black Flame,At Volantis,,,,,8,,,,,,,,,,,,Slave of R'hllor,,,,,,,,,,,,,,,,,,,,,,,,,,,,,,,,,,,,,,,,,,,,,
759,Morgil Hastwyck,false,,,,,,,,11,,185,1,,,,,,,,,Ser,,,,,,,,,,,,,,,,378,,,,,,,,,,,,,,,,,,,,,,,,,,,,,
760,Moribald Chester,false,,,,,,,,5,,70,8,,,,,,,,,Lord of Greenshield,,,,,,,,,,,,,,,,,,,,,,,,,,,,,,,,,,,,,,,,,,,,,
761,Morros Slynt,false,,,,,,,,2,,354,3,,,,,,,,,Lord,,,,,,,,,,,,,,,,,,,,,,,,,,,,,,,,,,,,,,,,,,,,,
762,Mors Manwoody,false,,,,,,,,3,,257,5,,,,,,,,,,,,,,,,,,,,,,,,,,,,,,,,,,,,,,,,,,,,,,,,,,,,,,
763,Mors Martell,false,,,In 248 AC or 257 AC,In 248 AC or 258 AC,,,,5,,285,,,,,,,,,,,,,,,,,,,,,,,,,,,,,,,,,,,,,,,,,,,,,,,,,,,,,,,
764,Mors Umber,false,Northmen,Mors Crowfood,"In 235 AC or before, at Last Hearth",,,,,2,,401,3,5,8,,,,,,,Castellan of Last Hearth,,,,,,,,,,,,,,,,,,,,,,,,,,,,,,,,,,,,,,,,,,,,,
765,Morya Frey,true,,,In 268 AC or 269 AC,,,,393,2,,143,3,5,8,,,,,,,Lady,,,,,,,,,,,,,,,,40,,,,,,,,,,,,,,,,,,,,,,,,,,,,,
766,Moryn Tyrell,false,,,,,,,,1,,398,2,3,5,8,,,,,,"Ser 
Lord Commander of the City Watch of Oldtown",,,,,,,,,,,,,,,,,,,,,,,,,,,,,,,,,,,,,,,,,,,,,
767,Murmison,false,,,,"In 41 AC, at King's Landing",,,,11,,378,3,,,,,,,,,Septon,Hand of the King,,,,,,,,,,,,,,,,,,,,,,,,,,,,,,,,,,,,,,,,,,,,
768,Mychel Redfort,false,Valemen,,,,,,1133,1,,316,2,3,5,8,,,,,,Ser,,,,,,,,,,,,,,,,,,,,,,,,,,,,,,,,,,,,,,,,,,,,,
769,Mylenda Caron,true,,,In or between 258 AC and 265 AC,,,,824,2,,60,3,5,,,,,,,,,,,,,,,,,,,,,,,,143,,,,,,,,,,,,,,,,,,,,,,,,,,,,,
770,Myles Manwoody,false,,,,,,,,3,,257,5,,,,,,,,,Ser,,,,,,,,,,,,,,,,,,,,,,,,,,,,,,,,,,,,,,,,,,,,,
771,Myles Mooton,false,,,,"In 283 AC, at Stoney Sept",,,,3,,269,5,,,,,,,,,Ser,,,,,,,,,,,,,,,,,,,,,,,,,,,,,,,,,,,,,,,,,,,,,
772,Myles Smallwood,false,,,,,,,,3,,355,,,,,,,,,,Hand of the King,,,,,,,,,,,,,,,,,,,,,,,,,,,,,,,,,,,,,,,,,,,,,
773,Myranda Lefford,true,,,,,,,984,11,,234,,,,,,,,,,,,,,,,,,,,,,,,,,229,,,,,,,,,,,,,,,,,,,,,,,,,,,,,
774,Myranda Royce,true,,Randa,In 279 AC (roughly),,,,,2,,329,3,5,8,,,,,,,,,,,,,,,,,,,,,,,,,,,,,,,,,,,,,,,,,,,,,,,,,,,,
775,Myrcella Baratheon,true,,,"In 290 AC, at King's Landing",,,,,1,"Aimee Richardson, Nell Tiger Free",16,2,3,5,8,Season 1,Season 2,Season 5,Season 6,,Princess,,,,,,,,,,,,,,,,,,,,,,,,,,,,,,,,,,,,,,,,,,,,,
776,Myria Jordayne,true,,,,,,,,3,,213,5,8,,,,,,,,,,,,,,,,,,,,,,,,,,,,,,,,,,,,,,,,,,,,,,,,,,,,,
777,Myriame Manderly,true,Northmen,,,,,,918,11,,255,,,,,,,,,,Lady of Winterfell,,,,,,,,,,,,,,,,362,,,,,,,,,,,,,,,,,,,,,,,,,,,,,
778,Myrielle Lannister,true,,,,,,,,11,,229,1,2,3,5,,,,,,,,,,,,,,,,,,,,,8,,,,,,,,,,,,,,,,,,,,,,,,,,,,,,
779,Naerys Targaryen,true,Valyrian,,"In 138 AC, at King's Landing","In or between 179 AC and 184 AC, at King's Landing",,,41,1,,378,11,,,,,,,,,Princess,Queen,,,,,,,,,,,,,,,,,,,,,,,,,,,,,,,,,,,,,,,,,,,,
780,Norbert Vance,false,,,,,,,,3,,404,5,8,,,,,,,,Lord of Atranta,,,,,,,,,,,,,,,,,,,,,,,,,,,,,,,,,,,,,,,,,,,,,
781,Nymella Toland,true,Dornish,,,,,,,3,,387,5,8,,,,,,,,Lady of Ghost Hill,,,,,,,,,,,,,,,,,,,,,,,,,,,,,,,,,,,,,,,,,,,,,
782,Nymeria,true,Rhoynar,Nymeria of the Rhoyne,,,,,1725,11,,285,4,1,2,5,,,,,,Princess,Queen,,,,,,,,,,,,,,8,,,,,,,,,,,,,,,,,,,,,,,,,,,,,,
783,Olene Tyrell,true,,,,,,,621,3,,398,5,,,,,,,,,,,,,,,,,,,,,,,,,,,,,,,,,,,,,,,,,,,,,,,,,,,,,,
784,Olenna Redwyne,true,,The Queen of Thorns,"In 228 AC, at Arbor",,,,664,1,Diana Rigg,317,2,3,5,8,Season 3,Season 4,Season 6,,,Dowager Lady of Highgarden,,,,,,,,,,,,,,,,398,,,,,,,,,,,,,,,,,,,,,,,,,,,,,
785,Olymer Tyrell,false,,,,,,,689,3,,398,5,,,,,,,,,Ser,,,,,,,,,,,,,,,,,,,,,,,,,,,,,,,,,,,,,,,,,,,,,
786,Olyvar Frey,false,,,In 281 AC,,,,,1,,143,2,3,5,8,,,,,,,,,,,,,,,,,,,,,,,,,,,,,,,,,,,,,,,,,,,,,,,,,,,
787,Olyvar Oakheart,false,,The Green Oak,,In 161 AC,,,,5,,286,,,,,,,,,,Ser,,,,,,,,,,,,,,,,,,,,,,,,,,,,,,,,,,,,,,,,,,,,,
788,Ondrew Locke,false,Northmen,,,,,,,2,,239,3,5,8,,,,,,,Lord of Oldcastle,,,,,,,,,,,,,,,,,,,,,,,,,,,,,,,,,,,,,,,,,,,,,
789,Orbert Caswell,false,,The Black Centaur,,At Castle Black,,,,5,,63,,,,,,,,,,Lord Commander of the Night's Watch,,,,,,,,,,,,,,,,,,,,,,,,,,,,,,,,,,,,,,,,,,,,,
790,Orivel,false,,Orivel the Open-Handed,,,,,,5,,,,,,,,,,,,Ser,,,,,,,,,,,,,,,,,,,,,,,,,,,,,,,,,,,,,,,,,,,,,
791,Ormond Osgrey,false,,,,,,,,6,,291,,,,,,,,,,Lord of Coldmoat,,,,,,,,,,,,,,,,,,,,,,,,,,,,,,,,,,,,,,,,,,,,,
792,Ormond Westerling,false,,,,,,,,4,,425,,,,,,,,,,Ser,,,,,,,,,,,,,,,,,,,,,,,,,,,,,,,,,,,,,,,,,,,,,
793,Ormond Yronwood,false,,,,At Yronwood,,,,5,,444,8,,,,,,,,,Lord of Yronwood,Warden of the Stoneway,The Bloodroyal,,,,,,,,,,,,,,,,,,,,,,,,,,,,,,,,,,,,,,,,,,,
794,Ormund Baratheon,false,,,,"In 260 AC, at Stepstones",,,870,11,,17,,,,,,,,,,Lord Paramount of the Stormlands,Lord of Storm's End,Hand of the King,,,,,,,,,,,,,,,,,,,,,,,,,,,,,,,,,,,,,,,,,,,
795,Ormund Wylde,false,,,,,,,,8,,438,,,,,,,,,,Ser,,,,,,,,,,,,,,,,15,,,,,,,,,,,,,,,,,,,,,,,,,,,,,
796,Orton Merryweather,false,,,,,,,1006,3,,264,5,8,,,,,,,,Lord of Longtable,Justiciar,Master of laws,Hand of the King,,,,,,,,,,,,,,,,,,,,,,,,,,,,,,,,,,,,,,,,,,
797,Orys Baratheon,false,,Orys One-Hand,At Dragonstone (possibly),In 38 AC,,,128,11,,17,1,,,,,,,,,Lord of Storm's End,Lord Paramount of the Stormlands,Hand of the King,,,,,,,,,,,,,,378,,,,,,,,,,,,,,,,,,,,,,,,,,,,,
798,Osbert Serry,false,,,,,,,,5,,343,8,,,,,,,,,Lord of Southshield,,,,,,,,,,,,,,,,,,,,,,,,,,,,,,,,,,,,,,,,,,,,,
799,Osfryd Kettleblack,false,,,,,,,,2,,220,3,5,8,,,,,,,Ser,Commander of the City Watch of King's Landing,,,,,,,,,,,,,,,,,,,,,,,,,,,,,,,,,,,,,,,,,,,,
800,Osmund Frey,false,,,In 297 AC,,,,,2,,143,3,5,,,,,,,,,,,,,,,,,,,,,,,,,,,,,,,,,,,,,,,,,,,,,,,,,,,,,
801,Osmund Kettleblack,false,,Oswald Kettleblack,,,,,,2,,220,3,5,8,,,,,,,Ser,,,,,,,,,,,,,,,,,,,,,,,,,,,,,,,,,,,,,,,,,,,,,
802,Osney Kettleblack,false,,,,,,,,2,,220,3,5,8,,,,,,,Ser,,,,,,,,,,,,,,,,,,,,,,,,,,,,,,,,,,,,,,,,,,,,,
803,Ossifer Plumm,false,,,,In 176 AC,,,1358,11,,303,3,5,8,,,,,,,Lord,,,,,,,,,,,,,,,,,,,,,,,,,,,,,,,,,,,,,,,,,,,,,
804,Oswell Kettleblack,false,,Kettleblack,,,,,,3,,220,5,8,,,,,,,,,,,,,,,,,,,,,,,,10,,,,,,,,,,,,,,,,,,,,,,,,,,,,,
805,Oswell Whent,false,Rivermen,,,"In 283 AC, at Tower of Joy",,,,1,,427,3,8,11,,,,,,,Ser,,,,,,,,,,,,,,,,,,,,,,,,,,,,,,,,,,,,,,,,,,,,,
806,Othell Yarwyck,false,,,,,,,,1,Brian Fortune,441,2,3,5,8,Season 6,,,,,First Builder,,,,,,,,,,,,,,,,,,,,,,,,,,,,,,,,,,,,,,,,,,,,,
807,Otho Bracken,false,,The Brute of Bracken,,,,,,4,,37,6,7,,,,,,,,Ser,,,,,,,,,,,,,,,,,,,,,,,,,,,,,,,,,,,,,,,,,,,,,
808,Otto Hightower,false,,,,"In 130 AC, at King's Landing",,,,10,,195,9,11,3,,,,,,,Ser,Hand of the King,,,,,,,,,,,,,,,,,,,,,,,,,,,,,,,,,,,,,,,,,,,,
809,Ottyn Wythers,false,,,In 230 AC (roughly),"In 299 AC, at Fist of the First Men, Beyond the Wall",,,,2,,440,3,,,,,,,,,Ser,,,,,,,,,,,,,,,,,,,,,,,,,,,,,,,,,,,,,,,,,,,,,
810,Owen Inchfield,false,,,,,,,,5,,209,,,,,,,,,,Ser,,,,,,,,,,,,,,,,,,,,,,,,,,,,,,,,,,,,,,,,,,,,,
811,Owen Norrey,false,Northern mountain clans,,,"In 299 AC, at the Twins",,,,3,,282,5,,,,,,,,,,,,,,,,,,,,,,,,,,,,,,,,,,,,,,,,,,,,,,,,,,,,,,
812,Parmen Crane,false,,Parmen the Purple,At Red Lake,,,,,2,,87,3,,,,,,,,,Ser,,,,,,,,,,,,,,,,,,,,,,,,,,,,,,,,,,,,,,,,,,,,,
813,Pate,false,First Men,Pate the Plowman,,,,,,11,,270,,,,,,,,,,,,,,,,,,,,,,,,,,,,,,,,,,,,,,,,,,,,,,,,,,,,,,,
814,Patrek Mallister,false,,,,,,,,1,,254,2,3,5,8,,,,,,,,,,,,,,,,,,,,,,,,,,,,,,,,,,,,,,,,,,,,,,,,,,,
815,Paxter Redwyne,false,,,,,,,754,1,,317,2,3,5,8,,,,,,Lord of the Arbor,Grand admiral,Lord admiral,Master of ships,,,,,,,,,,,,,,,,,,,,,,,,,,,,,,,,,,,,,,,,,,
816,Pearse Caron,false,,,,,,,,4,,60,,,,,,,,,,Lord of Nightsong,Lord of the Marches,,,,,,,,,,,,,,,,,,,,,,,,,,,,,,,,,,,,,,,,,,,,
817,Perra Frey,true,,,In 294 AC,,,,,2,,143,3,5,,,,,,,,,,,,,,,,,,,,,,,,,,,,,,,,,,,,,,,,,,,,,,,,,,,,,
818,Perra Royce,true,,,In 221 AC or before,In or between 241 AC and 249 AC,,,1093,2,,328,3,5,8,,,,,,,,,,,,,,,,,,,,,,,143,,,,,,,,,,,,,,,,,,,,,,,,,,,,,
819,Perriane Frey,true,,,In or between 241 AC and 248 AC,,,,629,2,,172,3,5,8,,,,,,,,,,,,,,,,,,,,,,,,,,,,,,,,,,,,,,,,,,,,,,,,,,,,
820,Perwyn Frey,false,,,In or between 270 AC and 278 AC,,,,,1,,143,2,3,5,8,,,,,,Ser,,,,,,,,,,,,,,,,,,,,,,,,,,,,,,,,,,,,,,,,,,,,,
821,Perwyn Osgrey,false,,Perwyn the Proud,,,,,,6,,291,,,,,,,,,,Lord of Coldmoat,,,,,,,,,,,,,,,,,,,,,,,,,,,,,,,,,,,,,,,,,,,,,
822,Peter Plumm,false,,,,,,,,3,,303,5,,,,,,,,,Ser,,,,,,,,,,,,,,,,,,,,,,,,,,,,,,,,,,,,,,,,,,,,,
823,Petyr Baelish,false,Valemen,Littlefinger,"In 268 AC, at the Fingers",,,,688,1,Aidan Gillen,11,2,3,5,8,Season 1,Season 2,Season 3,Season 4,Season 5,Master of coin (formerly),Lord Paramount of the Trident,Lord of Harrenhal,Lord Protector of the Vale,,,,,,,,,,,,,10,,,,,,,,,,,,,,,,,,,,,,,,Season 6,,,,,
824,Petyr Frey,false,,Petyr Pimple,"In 281 AC, at Twins","In 300 AC, at Oldstones",,,769,2,,143,3,5,,,,,,,,,,,,,,,,,,,,,,,,,,,,,,,,,,,,,,,,,,,,,,,,,,,,,
825,Philip Foote,false,,,,,,,,2,,135,3,8,,,,,,,,Ser,Lord of Nightsong,Lord of the Marches,,,,,,,,,,,,,,136,,,,,,,,,,,,,,,,,,,,,,,,,,,,,
826,Philip Plumm,false,,,,,,,,3,,303,5,8,,,,,,,,Lord,,,,,,,,,,,,,,,,,,,,,,,,,,,,,,,,,,,,,,,,,,,,,
827,Podrick Payne,false,,Pod,In 286 AC or 287 AC,,,,,1,Daniel Portman,295,2,3,5,8,Season 2,Season 3,Season 4,Season 5,Season 6,,,,,,,,,,,,,,,,,,,,,,,,,,,,,,,,,,,,,,,,,,,,,,
828,Preston Greenfield,false,Westerman,,,"In 299 AC, at King's Landing",,,,1,,163,2,3,5,,,,,,,Ser,,,,,,,,,,,,,,,,,,,,,,,,,,,,,,,,,,,,,,,,,,,,,
829,Pypar,false,,Pyp,,,,,,1,Jozef Altin,,2,3,5,8,Season 1,Season 3,Season 4,,,,,,,,,,Monkey,Mummer's Monkey,,,,,,,,,,,,,,,,,,,,,,,,,,,,,,,,,,,,,
830,Qarl Kenning,false,Ironborn,Queer Qarl Kenning,,,,,,8,,218,,,,,,,,,,,,,,,,,,,,,,,,,,,,,,,,,,,,,,,,,,,,,,,,,,,,,,,
831,Qarlton Chelsted,false,,The mace-and-dagger Hand,,"In 283 AC, at King's Landing",,,,3,,69,5,,,,,,,,,Lord,Master of Coin,Hand of the King,,,,,,,,,,,,,,,,,,,,,,,,,,,,,,,,,,,,,,,,,,,
832,Qhorin,false,,Qhorin Halfhand,,"In 299 AC, at Skirling Pass",,,,1,Simon Armstrong,,2,3,5,8,Season 2,,,,,,,,,,,,,,,,,,,,,,,,,,,,,,,,,,,,,,,,,,,,,,,,,,
833,Qhorwyn Hoare,false,,Qhorwyn the Cunning,,,,,,11,,,,,,,,,,,,King of the Iron Islands,,,,,,,,,,,484,,,,,,,,,,,,,,,,,,,,,,,,,,,,,,,,,,
834,Qorgyle,false,,,,"In 288 AC, at Castle Black",,,,3,,311,,,,,,,,,,Lord Commander of the Night's Watch,,,,,,,,,,,,,,,,,,,,,,,,,,,,,,,,,,,,,,,,,,,,,
835,Quellon Botley,false,Ironborn,,,,,,,5,,36,,,,,,,,,,,,,,,,,,,,,,,,,,,,,,,,,,,,,,,,,,,,,,,,,,,,,,,
836,Quellon Greyjoy,false,Ironborn,,,"In 283 AC, at the mouth of the Mander",,,,5,,169,11,,,,,,,,,Lord of the Iron Islands,Lord Reaper of Pyke,,,,,,,,,,,,,,,,,,,,,,,,,,,,,,,,,,,,,,,,,,,,
837,Quenten Banefort,false,,,,,,,,1,,13,3,5,8,,,,,,,Lord of Banefort,,,,,,,,,,,,,,,,,,,,,,,,,,,,,,,,,,,,,,,,,,,,,
838,Quentin Tyrell,false,,,,At Ashford,,,,3,,398,5,,,,,,,,,Ser,,,,,,,,,,,,,,,,,,,,,,,,,,,,,,,,,,,,,,,,,,,,,
839,Quenton Greyjoy,false,Ironborn,,,,,,,5,,169,,,,,,,,,,,,,,,,,,,,,,,,,,,,,,,,,,,,,,,,,,,,,,,,,,,,,,,
840,Quenton Hightower,false,,,,At Oldtown,,,,5,,195,,,,,,,,,,Lord of the Hightower,Lord of the Port,Voice of Oldtown,Defender of the Citadel,Beacon of the South,,,,,,,,,,,,,,,,,,,,,,,,,,,,,,,,,,,,,,,,,
841,Quenton Qoherys,false,,,,,,,347,11,,310,,,,,,,,,,Lord of Harrenhal,Master-at-arms of Dragonstone,,,,,,,,,,,,,,,,,,,,,,,,,,,,,,,,,,,,,,,,,,,,
842,Quentyn Ball,false,,Fireball,,At Near Redgrass Field,,,,6,,12,7,,,,,,,,,Ser,,,,,,,,,,,,,,,,,,,,,,,,,,,,,,,,,,,,,,,,,,,,,
843,Quentyn Blackwood,false,,,,"In 205 AC, at King's Landing",,,,4,,27,,,,,,,,,,Lord,,,,,,,,,,,,,,,,,,,,,,,,,,,,,,,,,,,,,,,,,,,,,
844,Quentyn Martell,false,Dornish,Frog,"In 281 AC, at Sunspear, Dorne","In 300 AC, at Meereen",,,,1,,285,2,3,5,,,,,,,Prince,,,,,,,Prince Frog,The prince who came too late,The Dragonrider,,,,,,,,,,,,,,8,,,,,,,,,,,,,,,,,,,,,,
845,Quentyn Qorgyle,false,,,,,,,,5,,311,8,,,,,,,,,Lord of Sandstone,,,,,,,,,,,,,,,,,,,,,,,,,,,,,,,,,,,,,,,,,,,,,
846,Ralf Kenning,false,Ironborn,,,"In 300 AC, at Moat Cailin",,,,5,,218,8,,,,,,,,,Castellan,Commander,,,,,,,,,,,,,,,,,,,,,,,,,,,,,,,,,,,,,,,,,,,,
847,Ralf Stonehouse,false,Ironborn,Red Ralf Stonehouse,,,,,,5,,365,8,,,,,,,,,Captain of Red Jester,,,,,,,,,,,,,,,,,,,,,,,,,,,,,,,,,,,,,,,,,,,,,
848,Ralph Buckler,false,,,,,,,,3,,50,8,,,,,,,,,Lord,,,,,,,,,,,,,,,,,,,,,,,,,,,,,,,,,,,,,,,,,,,,,
849,Ramsay Snow,false,Northmen,Ramsay Bolton,In 282 AC or before,,,,317,2,Iwan Rheon,34,3,5,8,,Season 3,Season 4,Season 5,Season 6,,Lord of the Hornwood,Lord of Winterfell,Castellan of the Dreadfort,,,,,The Bastard of Bolton,The Bastard of the Dreadfort,Reek,Red Helm,,,,,,,,,,,,,,,Monster,,,,,,,,,,,,,,,,,,,,
850,Randyll Tarly,false,,,,,,,742,1,James Faulkner,379,2,3,5,8,Season 6,,,,,Lord of Horn Hill,Justiciar,Master of laws,,,,,,,,,,,,,,,,,,,,,,,,,,,,,,,,,,,,,,,,,,,
851,Ravella Swann,true,,,,,,,1020,3,,373,5,,,,,,,,,Lady of Acorn Hall,,,,,,,,,,,,,,,,355,,,,,,,,,,,,,,,,,,,,,,,,,,,,,
852,Raymun Darry,false,,,,"In 298 AC, at Mummer's Ford",,,,1,,97,3,5,,,,,,,,Lord of Darry,,,,,,,,,,,,,,,,,,,,,,,,,,,,,,,,,,,,,,,,,,,,,
853,Raymun Fossoway,false,,,,,,,,4,,140,,,,,,,,,,Ser,,,,,,,,,,,,,,,,,,,,,,,,,,,,,,,,,,,,,,,,,,,,,
854,Raymund Frey,false,,,In 264 AC,,,,187,2,,143,3,5,8,,,,,,,Ser,,,,,,,,,,,,,,,,,,,,,,,,,,,,,,,,,,,,,,,,,,,,,
855,Raymund Tyrell,false,,,,,,,,3,,398,5,,,,,,,,,,,,,,,,,,,,,,,,,,,,,,,,,,,,,,,,,,,,,,,,,,,,,,
856,Raynald Westerling,false,,,At Crag,"In 299 AC (supposedly), at the Twins",,,,3,,425,5,,,,,,,,,Ser,,,,,,,,,,,,,,,,,,,,,,,,,,,,,,,,,,,,,,,,,,,,,
857,Raynard Ruttiger,false,,,,,,,,5,,331,8,,,,,,,,,Ser,,,,,,,,,,,,,,,,,,,,,,,,,,,,,,,,,,,,,,,,,,,,,
858,Red Alyn,false,,Red Alyn of the Rosewood,At the Rosewood,"In 300 AC, at Castle Black",,,,3,,,8,,,,,,,,,,,,,,,,,,,,,,,,,,,,,,,,,,,,,,,,,,,,,,,,,,,,,,
859,Redwyn,false,,,,,,,,11,,,2,,,,,,,,,,,,,,,,,,,,,,,,,,,,,,,,,,,,,,,,,,,,,,,,,,,,,,
860,Regenard Estren,false,,,,,,,,1,,118,3,5,8,,,,,,,Lord of Wyndhall,,,,,,,,,,,,,,,,,,,,,,,,,,,,,,,,,,,,,,,,,,,,,
861,Renfred Rykker,false,,,,,,,,5,,334,8,,,,,,,,,Lord of Duskendale,,,,,,,,,,,,,,,,,,,,,,,,,,,,,,,,,,,,,,,,,,,,,
862,Renly Baratheon,false,Stormlands,The King in Highgarden,In 277 AC,"In 299 AC, at Storm's End",,,16,1,Gethin Anthony,17,2,3,5,8,Season 1,Season 2,,,,Lord Paramount of the Stormlands,Lord of Storm's End,Master of laws,Lord of the Seven Kingdoms (claimant),,,,The King in the South,,,,,,,,,,,,,,,,,,,,,,,,,,,,,,,,,,,,,,
863,Renly Norcross,false,,,In 296 AC or 297 AC,,,,,2,,281,3,5,,,,,,,,,,,,,,,,,,,,,,,,,,,,,,,,,,,,,,,,,,,,,,,,,,,,,
864,Reynard Webber,false,,,,,,,,6,,419,,,,,,,,,,Lord of Coldmoat,,,,,,,,,,,,,,,,,,,,,,,,,,,,,,,,,,,,,,,,,,,,,
865,Rhae Targaryen,true,Valyrian,,In or between 201 AC and 209 AC,,,,,11,,378,6,,,,,,,,,Princess,,,,,,,,,,,,,,,,,,,,,,,,,,,,,,,,,,,,,,,,,,,,,
866,Rhaegar Frey,false,,,In or between 269 AC and 273 AC,In 300 AC (suspected),,,549,2,,143,3,5,8,,,,,,,,,,,,,,,,,,,,,,,,,,,,,,,,,,,,,,,,,,,,,,,,,,,,
867,Rhaegar Targaryen,false,Valyrian,Silver Prince,"In 259 AC, at Summerhall","In 283 AC, at the Trident",,,361,1,,378,2,3,5,8,,,,,,Prince of Dragonstone,Ser,,,,,,The Dragon Prince,The Last Dragon,,,,,,,,,,,,,,,,,,,,,,,,,,,,,,,,,,,,,
868,Rhaegel Targaryen,false,Valyrian,,In or between 173 AC and 177 AC,In 215 AC,,,93,4,,378,7,11,,,,,,,,Prince of Dragonstone,,,,,,,,,,,,,,,,,,,,,,,,,,,,,,,,,,,,,,,,,,,,,
869,Rhaella Targaryen,true,Valyrian,,"In 245 AC or 246 AC, at King's Landing","In 284 AC, at Dragonstone",,,62,11,,378,1,3,5,8,,,,,,Princess,Queen,Dowager Queen,,,,,,,,,,,,,,,,,,,,,,,,,,,,,,,,,,,,,,,,,,,
870,Rhaelle Targaryen,true,,,In or between 229 AC and 233 AC,,,,794,5,,378,8,11,,,,,,,,Princess,,,,,,,,,,,,,,,,17,,,,,,,,,,,,,,,,,,,,,,,,,,,,,
871,Rhaena Targaryen,true,,Rhaena of Pentos,"In 116 AC, at Pentos",,,,255,11,,378,10,9,,,,,,,,Lady,,,,,,,,,,,,,,,,81,,,,,,,,195,,,,,,,,,,,,,,,,,,,,,
872,Rhaena Targaryen,true,Valyrian,,In 147 AC,,,,,11,,378,5,,,,,,,,,Princess,Septa,,,,,,,,,,,,,,,,,,,,,,,,,,,,,,,,,,,,,,,,,,,,
873,Rhaena Targaryen,true,Valyrian,Black Bride,In 23 AC,,,,43,11,,378,10,9,,,,,,,,Princess,Queen,,,,,,,,,,,,,,,,,,,,,,,,,,,,,,,,,,,,,,,,,,,,
874,Rhaenyra Targaryen,true,Valyrian,The Realm's Delight,In 97 AC,"In 130 AC, at Dragonstone",,,611,11,,378,10,9,4,3,,,,,,Princess of Dragonstone,Lady of the Seven Kingdoms (claimant),,,,,,The Whore of Dragonstone,King Maegor with Teats,Maegor's Teats,The Half-Year Queen,,,,,5,,8,,,,,,,,,,,,,,,,,,,,,,,,,,,,
875,Rhaenys Targaryen,true,Valyrian,The Queen Who Never Was,In 74 AC,"In 129 AC, at Rook's Rest",,,253,11,,378,10,9,,,,,,,,Princess,,,,,,,,,,,,,,,,407,,,,,,,,,,,,,,,,,,,,,,,,,,,,,
876,Rhaenys Targaryen,true,,,"In 280 AC, at Dragonstone","In 283 AC, at King's Landing",,,,1,,378,2,3,5,8,,,,,,Princess,,,,,,,,,,,,,,,,,,,,,,,,,,,,,,,,,,,,,,,,,,,,,
877,Rhea Florent,true,,,,,,,635,2,,133,3,5,,,,,,,,,,,,,,,,,,,,,,,,195,,,,,,,,,,,,,,,,,,,,,,,,,,,,,
878,Rhea Royce,true,,Bronze Bitch,,"In 115 AC, at The Vale",,,269,11,,328,10,,,,,,,,,Lady of Runestone,,,,,,,,,,,,,,,,,,,,,,,,,,,,,,,,,,,,,,,,,,,,,
879,Rhialta Vance,true,,,,,,,,5,,405,,,,,,,,,,,,,,,,,,,,,,,,,,,,,,,,,,,,,,,,,,,,,,,,,,,,,,,
880,Rhonda Rowan,true,,,,,,,159,5,,326,,,,,,,,,,,,,,,,,,,,,,,,,,,,,,,,,,,,,,,,,,,,,,,,,,,,,,,
881,Richard Horpe,false,,The Slayer,,,,,,5,,203,8,,,,,,,,,Ser,,,,,,,,,,,,,,,,15,,,,,,,,,,,,,,,,,,,,,,,,,,,,,
882,Richard Lonmouth,false,,The Knight of Skull and Kisses,,,,,,3,,244,,,,,,,,,,Ser,,,,,,,,,,,,,,,,,,,,,,,,,,,,,,,,,,,,,,,,,,,,,
883,Richard Morrigen,false,,,,,,,,8,,272,,,,,,,,,,Ser,,,,,,,,,,,,,,,,,,,,,,,,,,,,,,,,,,,,,,,,,,,,,
884,Rickard Karstark,false,Northmen,,At Karhold,"In 299 AC, at Riverrun (executed)",,,,1,Steven Blount,215,2,3,5,8,Season 1,Season 2,Season 3,,,Lord of Karhold,,,,,,,,,,,,,,,,,,,,,,,,,,,,,,,,,,,,,,,,,John Stahl,,,,
885,Rickard Ryswell,false,Northmen,,,,,,,5,,335,8,,,,,,,,,,,,,,,,,,,,,,,,,,,,,,,,,,,,,,,,,,,,,,,,,,,,,,
886,Rickard Stark,false,Northmen,The Laughing Wolf,,,584,,,11,,,1,,,,,,,,,King in the North,,,,,,,,,,,,,,,,,,,,,,,,,,,,,,,,,,,,,,,,,,,,,
887,Rickard Stark,false,Northmen,,"In or between 230 AC and 249 AC, at Winterfell","In 282 AC, at King's Landing",,,668,11,Wayne Foskett,362,1,2,3,8,Season 6,,,,,Lord of Winterfell,Warden of the North,,,,,,,,,,,,,,,,,,,,,,,,,,,,,,,,,,,,,,,,,,,,
888,Rickard Thorne,false,,,,"In 130 AC, at Bitterbridge",,,,11,,386,9,,,,,,,,,Ser,,,,,,,,,,,,,,,,,,,,,,,,,,,,,,,,,,,,,,,,,,,,,
889,Rickard Tyrell,false,,,,,,,,3,,398,5,,,,,,,,,,,,,,,,,,,,,,,,,,,,,,,,,,,,,,,,,,,,,,,,,,,,,,
890,Rickard Wylde,false,,,In 295 AC,,,,,2,,438,3,5,,,,,,,,,,,,,,,,,,,,,,,,,,,,,,,,,,,,,,,,,,,,,,,,,,,,,
891,Rickon Stark,false,Northmen,,"In 295 AC, at Winterfell",,,,,1,Art Parkinson,362,2,3,8,,Season 1,Season 2,Season 3,Season 4,,Prince of Winterfell,Heir to Winterfell,,,,,,,,,,,,,,,,,,,,,,,,,,,,,,,,,,,,,,,,,,,,
892,Robar Royce,false,Valemen,Robar the Red,"In 277 AC (roughly), at Runestone","In 299 AC, at Near Storm's End",,,,1,,328,2,3,5,,,,,,,Ser,,,,,,,,,,,,,,,,,,,,,,,,,,,,,,,,,,,,,,,,,,,,,
893,Robb Reyne,false,,,,,,,,6,,319,,,,,,,,,,Ser,,,,,,,,,,,,,,,,,,,,,,,,,,,,,,,,,,,,,,,,,,,,,
894,Robert Arryn,false,Valemen,Sweetrobin,In 292 AC,,,,,1,Lino Facioli,7,2,3,5,8,Season 1,Season 4,Season 5,,,Lord of the Eyrie,Defender of the Vale,Warden of the East,,,,,True Warden of the East,,,,,,,,,,,,,,,,,,,,,,,,,,,,,,,,,,,,,,
895,Robert Ashford,false,Reach,,At Ashford,,,,,4,,8,,,,,,,,,,Ser,,,,,,,,,,,,,,,,,,,,,,,,,,,,,,,,,,,,,,,,,,,,,
896,Robert Brax,false,,,,"In 299 AC, at Riverlands",,,,2,,40,3,,,,,,,,,Ser,,,,,,,,,,,,,,,,,,,,,,,,,,,,,,,,,,,,,,,,,,,,,
897,Robert Brax,false,,,In 290 AC,,,,,2,,40,3,5,,,,,,,,,,,,,,,,,,,,,,,,,,,,,,,,,,,,,,,,,,,,,,,,,,,,,
898,Robert Flowers,false,,Red Robert Flowers,,,,,,5,,,,,,,,,,,,Ser,Lord Commander of the Kingsguard,,,,,,,,,,,,,,,,,,,,,,,,,,,,,,,,,,,,,,,,,,,,
899,Robert Frey,false,,,In 286 AC,,,,,2,,143,3,5,,,,,,,,,,,,,,,,,,,,,,,,,,,,,,,,,,,,,,,,,,,,,,,,,,,,,
900,Robert Frey,false,,,In 283 AC,,,,,2,,143,3,5,,,,,,,,,,,,,,,,,,,,,,,,,,,,,,,,,,,,,,,,,,,,,,,,,,,,,
901,Robert I Baratheon,false,,The Usurper,"262 AC, at Storm's End","298 AC, at King's Landing",986,230,238,11,Mark Addy,,1,2,3,5,Season 1,,,,,"King of the Andals, the Rhoynar and the First Men",Lord of the Seven Kingdoms,Protector of the Realm,Ser[1],,,,Demon of the Trident,The Whoremonger King,,,565,775,1029,1741,8,,,,,,1201,1418,,,,,,,,,,,,,,,,,,,,,1355,1188,
902,Robert Paege,false,,,,,,,,3,,293,,,,,,,,,,Ser,,,,,,,,,,,,,,,,,,,,,,,,,,,,,,,,,,,,,,,,,,,,,
903,Robett Glover,false,Northmen,,At Deepwood Motte,,,,998,1,Tim McInnerny,150,2,3,5,8,Season 6,,,,,,,,,,,,,,,,,,,,,,,,,,,,,,,,,,,,,,,,,,,,,,,,,,
904,Robin Greyjoy,false,Ironborn,,,At Pyke,,,,5,,169,,,,,,,,,,,,,,,,,,,,,,,,,,,,,,,,,,,,,,,,,,,,,,,,,,,,,,,
905,Robin Hill,false,,,,,,,,3,,,,,,,,,,,,Lord Commander of the Night's Watch,,,,,,,,,,,,,,,,,,,,,,,,,,,,,,,,,,,,,,,,,,,,,
906,Robin Hollard,false,,,,,,,,5,,198,,,,,,,,,,,,,,,,,,,,,,,,,,,,,,,,,,,,,,,,,,,,,,,,,,,,,,,
907,Robin Moreland,false,,,,,,,,5,,270,8,,,,,,,,,Lord,,,,,,,,,,,,,,,,,,,,,,,,,,,,,,,,,,,,,,,,,,,,,
908,Robin Peasebury,false,,Lord Pea Pord,,,,,,8,,297,,,,,,,,,,Lord of Poddingfield,,,,,,,,,,,,,,,,15,,,,,,,,,,,,,,,,,,,,,,,,,,,,,
909,Robin Ryger,false,,,In or between 237 AC and 240 AC (roughly),,,,,1,,333,2,3,5,8,,,,,,Ser,Captain of the guards at Riverrun,,,,,,,,,,,,,,,395,,,,,,,,,,,,,,,,,,,,,,,,,,,,,
910,Robyn Rhysling,false,,,,,,,,4,,320,,,,,,,,,,Ser,,,,,,,,,,,,,,,,,,,,,,,,,,,,,,,,,,,,,,,,,,,,,
911,Robyn Ryswell,false,Northmen,,,,,,589,11,,335,,,,,,,,,,,,,,,,,,,,,,,,,,362,,,,,,,,,,,,,,,,,,,,,,,,,,,,,
912,Rodrik Cassel,false,Northmen,Old Ser Rodrik,,"In 299 AC, at Winterfell",,,,1,Ron Donachie,61,2,3,5,8,Season 1,Season 2,,,,Ser,Master-at-arms of Winterfell,Castellan of Winterfell,,,,,,,,,,,,,,362,,,,,,,,,,,,,,,,,,,,,,,,,,,,,
913,Rodrik Greyjoy,false,Ironborn,,In 274 AC or before,"In 289 AC, at Seagard",,,,1,,169,2,3,5,8,,,,,,,,,,,,,,,,,,,,,,,,,,,,,,,,,,,,,,,,,,,,,,,,,,,
914,Rodrik Harlaw,false,Ironborn,The Reader,,,,,,2,,178,3,5,8,,,,,,,Lord of Harlaw,Lord of the Ten Towers,The Harlaw of Harlaw,Captain of the Sea Song,,,,,,,,,,,,,,,,,,,,,,,,,,,,,,,,,,,,,,,,,,
915,Rodrik Ryswell,false,Northmen,,,,,,,5,,335,8,,,,,,,,,Lord of the Rills,,,,,,,,,,,,,,,,,,,,,,,,,,,,,,,,,,,,,,,,,,,,,
916,Rodrik Stark,false,Northmen,,,,,,,1,,362,11,,,,,,,,,King in the North,,,,,,,,,,,,,,,,,,,,,,,,,,,,,,,,,,,,,,,,,,,,,
917,Rodrik Stark,false,Northmen,The Wandering Wolf,,,,,1175,11,,362,8,,,,,,,,,,,,,,,,,,,,,,,,,,,,,,,,,,,,,,,,,,,,,,,,,,,,,,
918,Rodwell Stark,false,Northmen,,,,,,777,11,,362,2,,,,,,,,,Lord of Winterfell,Warden of the North,,,,,,,,,,,,,,,,,,,,,,,,,,,,,,,,,,,,,,,,,,,,
919,Roelle,true,,,,,,,,5,,380,,,,,,,,,,Septa,,,,,,,,,,,,,,,,,,,,,,,,,,,,,,,,,,,,,,,,,,,,,
920,Rohanne,true,Tyroshi,,,In or after 211 AC,,,267,11,,23,,,,,,,,,,,,,,,,,,,,,,,,,,,,,,,,,,,,,,,,,,,,,,,,,,,,,,,
921,Roland Crakehall,false,,,,,,,,4,,86,7,,,,,,,,,Ser,,,,,,,,,,,,,,,,,,,,,,,,,,,,,,,,,,,,,,,,,,,,,
922,Roland Crakehall,false,,,,,,,,2,,86,3,5,8,,,,,,,Lord of Crakehall,,,,,,,,,,,,,,,,,,,,,,,,,,,,,,,,,,,,,,,,,,,,,
923,Rollam Westerling,false,,,"In 290 AC, at Crag",,,,,3,,425,5,,,,,,,,,,,,,,,,,,,,,,,,,,,,,,,,,,,,,,,,,,,,,,,,,,,,,,
924,Rolland Darklyn,false,,,,,,,,5,,95,,,,,,,,,,Ser,,,,,,,,,,,,,,,,,,,,,,,,,,,,,,,,,,,,,,,,,,,,,
925,Rolland Storm,false,,The Bastard of Nightsong,,,,,,3,,60,5,8,,,,,,,,Ser,Castellan of Dragonstone,Lord of Nightsong (claimant),,,,,,,,,,,,,,15,,,,,,,,,,,,,,,,,,,,,,,,,,,,,
926,Rolland Uffering,false,,,,,,,1891,6,,399,,,,,,,,,,Ser,,,,,,,,,,,,,,,,,,,,,,,,,,,,,,,,,,,,,,,,,,,,,
927,Rolph Spicer,false,,,,,,,,3,,357,5,,,,,,,,,Ser,Castellan of the Crag,Lord of Castamere,,,,,,,,,,,,,,425,,,,,,,,,,,,,,,,,,,,,,,,,,,,,
928,Ronald Connington,false,,,,,,,,8,,80,,,,,,,,,,Ser the Knight of Griffin's Roost,,,,,,,,,,,,,,,,,,,,,,,,,,,,,,,,,,,,,,,,,,,,,
929,Ronald Vance,false,,Ronald the Bad,,,,,,3,,404,5,,,,,,,,,Ser,,,,,,,,,,,,,,,,,,,,,,,,,,,,,,,,,,,,,,,,,,,,,
930,Ronnel Harclay,false,,,,,,,,3,,174,,,,,,,,,,,,,,,,,,,,,,,,,,,,,,,,,,,,,,,,,,,,,,,,,,,,,,,
931,Ronnel Stout,false,Northmen,,,,,,,3,,367,,,,,,,,,,,,,,,,,,,,,,,,,,,,,,,,,,,,,,,,,,,,,,,,,,,,,,,
932,Ronnet Connington,false,,Red Ronnet,In 274 AC,,,,,2,,80,3,5,8,,,,,,,Ser Knight of Griffin's Roost,,,,,,,,,,,,,,,,,,,,,,,,,,,,,,,,,,,,,,,,,,,,,
933,Roose Bolton,false,Northmen,The Leech Lord,"In 260 AC or before, at the Dreadfort",,,,196,1,Michael McElhatton,34,2,3,5,8,Season 2,Season 3,Season 4,Season 5,Season 6,Lord of the Dreadfort,Warden of the North,,,,,,,,,,,,,,,,,,,,,,,,,,,,,,,,,,,,,,,,,,,,
934,Roose Ryswell,false,Northmen,,,,,,,5,,335,8,,,,,,,,,,,,,,,,,,,,,,,,,,,,,,,,,,,,,,,,,,,,,,,,,,,,,,
935,Roryn Drumm,false,Ironborn,Roryn the Reaver,,,,,,5,,106,,,,,,,,,,,,,,,,,,,,,,,,,,,,,,,,,,,,,,,,,,,,,,,,,,,,,,,
936,Rosamund Lannister,true,,,,,,,,5,,231,8,,,,,,,,,,,,,,,,,,,,,,,,,,,,,,,,,,,,,,,,,,,,,,,,,,,,,,
937,Roslin Frey,true,Rivermen,,In 282 AC or 283 AC,,,,346,2,Alexandra Dowling,143,3,5,8,,Season 3,,,,,,,,,,,,,,,,,,,,,395,,,,,,,,,,,,,,,,,,,,,,,,,,,,,
938,Rossart,false,,,,"In 283 AC, at King's Landing",,,,2,,,3,5,,,,,,,,Grand Master,Wisdom,Lord Hand of the King,,,,,,,,,,,,,,,,,,,,,,,,,,,,,,,,,,,,,,,,,,,
939,Royce Coldwater,false,,,,,,,,5,,76,,,,,,,,,,Lord of Coldwater Burn,,,,,,,,,,,,,,,,,,,,,,,,,,,,,,,,,,,,,,,,,,,,,
940,Runcel Hightower,false,,,,,,,,3,,195,,,,,,,,,,Lord Commander of the Night's Watch,,,,,,,,,,,,,,,,,,,,,,,,,,,,,,,,,,,,,,,,,,,,,
941,Rupert Brax,false,,Rubert Brax,,"In 299 AC, at Oxcross",,,,2,,40,3,,,,,,,,,Ser,,,,,,,,,,,,,,,,,,,,,,,,,,,,,,,,,,,,,,,,,,,,,
942,Rupert Crabb,false,,,,,,,,5,,85,,,,,,,,,,Ser,,,,,,,,,,,,,,,,,,,,,,,,,,,,,,,,,,,,,,,,,,,,,
943,Russell Merryweather,false,,,"In 293 AC or 294 AC, at Longtable",,,,,5,,264,8,,,,,,,,,,,,,,,,,,,,,,,,,,,,,,,,,,,,,,,,,,,,,,,,,,,,,,
944,Ryam Florent,false,,,,,,,,2,,133,3,5,,,,,,,,Ser,,,,,,,,,,,,,,,,,,,,,,,,,,,,,,,,,,,,,,,,,,,,,
945,Ryam Redwyne,false,,,,"In 105 AC, at King's Landing",,,,11,,317,10,4,1,2,,,,,,Ser,Lord Commander of the Kingsguard,Hand of the King,,,,,,,,,,,,,3,,5,,,,,,,,,,,,,,,,,,,,,,,,,,,,
946,Rycherd Crane,false,,,,,,,949,2,,87,3,5,,,,,,,,Ser,,,,,,,,,,,,,,,,,,,,,,,,,,,,,,,,,,,,,,,,,,,,,
947,Ryella Frey,true,,,In 294 AC,,,,,2,,143,3,5,,,,,,,,,,,,,,,,,,,,,,,,,,,,,,,,,,,,,,,,,,,,,,,,,,,,,
948,Ryella Royce,true,,,,,,,145,2,,328,3,5,,,,,,,,,,,,,,,,,,,,,,,,143,,,,,,,,,,,,,,,,,,,,,,,,,,,,,
949,Rylene Florent,true,,,,,,,946,2,,133,3,5,,,,,,,,,,,,,,,,,,,,,,,,87,,,,,,,,,,,,,,,,,,,,,,,,,,,,,
950,Ryman Frey,false,,,"In 246 AC, 247 AC or 248 AC","In 300 AC, at near the Twins",,,,2,,143,3,5,8,,,,,,,Ser,,,,,,,,,,,,,,,,,,,,,,,,,,,,,,,,,,,,,,,,,,,,,
951,Saera Targaryen,true,Valyrian,,In or between 61 AC and 82 AC,,,,,11,,378,10,,,,,,,,,Princess,,,,,,,,,,,,,,,,,,,,,,,,,,,,,,,,,,,,,,,,,,,,,
952,Sallei Paege,true,,,,,,,530,2,,293,3,5,,,,,,,,,,,,,,,,,,,,,,,,143,,,,,,,,,,,,,,,,,,,,,,,,,,,,,
953,Samwell Spicer,false,,,,,,,,3,,357,5,,,,,,,,,Ser,,,,,,,,,,,,,,,,,,,,,,,,,,,,,,,,,,,,,,,,,,,,,
954,Samwell Tarly,false,Andal,Sam,"In 283 AC, at Horn Hill",,,,,1,John Bradley-West,379,2,8,,,Season 1,Season 2,Season 3,Season 4,Season 5,,,,,,,,Ser Piggy,Prince Pork-chop,Lady Piggy,Sam the Slayer,,,,,,,,,,,,,3,,Black Sam,Lord of Ham,,,,,,,,,,5,,,,Season 6,,,,,
955,Sandor Clegane,false,,The Hound,In 270 AC or 271 AC,In 300 AC (supposedly),,,,1,Rory McCann,72,2,3,5,8,Season 1,Season 2,Season 3,Season 4,Season 6,,,,,,,,Dog,,,,,,,,,229,,,,,,,,,,,,,,,,,,,,,,,,,,,,,
956,Sandor Frey,false,,,In 287 AC,,,,,2,,143,3,5,,,,,,,,,,,,,,,,,,,,,,,,,,,,,,,,,,,,,,,,,,,,,,,,,,,,,
957,Sansa Stark,true,Northmen,Little bird,"In 286 AC, at Winterfell",,,,1052,8,Sophie Turner,362,,,,,Season 1,Season 2,Season 3,Season 4,Season 5,Princess,,,,,,,Alayne Stone,Jonquil,,,,,,,,10,,,,,,,1,,,,,,,,,,,,,2,3,5,,Season 6,,,,,
958,Sargon Botley,false,Ironborn,,,,,,,5,,36,,,,,,,,,,,,,,,,,,,,,,,,,,,,,,,,,,,,,,,,,,,,,,,,,,,,,,,
959,Sarra Frey,true,,,In 285 AC,,,,,2,,143,3,5,,,,,,,,,,,,,,,,,,,,,,,,,,,,,,,,,,,,,,,,,,,,,,,,,,,,,
960,Sarya Whent,true,,,,,,,1093,2,,427,3,5,8,,,,,,,Lady,,,,,,,,,,,,,,,,143,,,,,,,,,,,,,,,,,,,,,,,,,,,,,
961,Sawane Botley,false,Ironborn,,,"In 299 AC, at Pyke",,,,2,,36,3,5,,,,,,,,Lord of Lordsport,Captain of Swiftfin,,,,,,,,,,,,,,,,,,,,,,,,,,,,,,,,,,,,,,,,,,,,
962,Sebastion Errol,false,,,,,,,,8,,116,,,,,,,,,,Lord of Haystack Hall,,,,,,,,,,,,,,,,,,,,,,,,,,,,,,,,,,,,,,,,,,,,,
963,Sebaston Farman,false,Westerman,,,,,,,5,,120,8,,,,,,,,,Lord of Fair Isle,,,,,,,,,,,,,,,,,,,,,,,,,,,,,,,,,,,,,,,,,,,,,
964,Sefton Staunton,false,,,,,,,,6,,363,,,,,,,,,,Septon,,,,,,,,,,,,,,,,,,,,,,,,,,,,,,,,,,,,,,,,,,,,,
965,Selmond Stackspear,false,,,,,,,,3,,359,5,8,,,,,,,,Lord,,,,,,,,,,,,,,,,,,,,,,,,,,,,,,,,,,,,,,,,,,,,,
966,Selwyn Tarth,false,,the Evenstar,In 245 AC or 246 AC,,,,,2,,380,3,5,8,,,,,,,Lord of Evenfall,,,,,,,,,,,,,,,,,,,,,,,,,,,,,,,,,,,,,,,,,,,,,
967,Serala of Myr,true,Myrish,The Lace Serpent,In Myr,,,,301,5,,95,,,,,,,,,,Lady of Duskendale,,,,,,,,,,,,,,,,,,,,,,,,,,,,,,,,,,,,,,,,,,,,,
968,Serra Frey,true,,,In 285 AC,,,,,2,,143,3,5,,,,,,,,,,,,,,,,,,,,,,,,,,,,,,,,,,,,,,,,,,,,,,,,,,,,,
969,Serwyn,false,,Serwyn of the Mirror Shield,,,,,,4,,,1,8,11,,,,,,,Ser (in songs and tales),,,,,,,,,,,,,,,,,,,,,,,,,,,,,,,,,,,,,,,,,,,,,
970,Shadrich,false,,Shadrich of the Shady Glen,,,,,,5,,10,8,,,,,,,,,Ser,,,,,,,The Mad Mouse,,,,,,,,,,,,,,,,,,,,,,,,,,,,,,,,,,,,,,
971,Shaera Targaryen,true,Valyrian,,In 226 AC,In or after 259AC,,,527,11,,378,,,,,,,,,,Princess,Queen,,,,,,,,,,,,,,,,,,,,,,,,,,,,,,,,,,,,,,,,,,,,
972,Shella Whent,true,Rivermen,,,In +/- 300 AC,,,1099,1,,427,2,3,5,8,,,,,,Lady of Harrenhal,,,,,,,,,,,,,,,,,,,,,,,,,,,,,,,,,,,,,,,,,,,,,
973,Shiera Crakehall,true,,,,,,,282,3,,86,5,8,,,,,,,,,,,,,,,,,,,,,,,,229,,,,,,,,,,,,,,,,,,,,,,,,,,,,,
974,Shierle Swyft,true,,,,,,,745,3,,374,5,,,,,,,,,,,,,,,,,,,,,,,,,,,,,,,,,,,,,,,,,,,,,,,,,,,,,,
975,Shireen Baratheon,true,,,"In 289 AC, at Dragonstone",,,,,1,Kerry Ingram,15,2,3,5,8,Season 3,Season 4,Season 5,,,Princess,,,,,,,,,,,,,,,,,,,,,,,,,,,,,,,,,,,,,,,,,,,,,
976,Shirei Frey,true,,,In 292 AC or 293 AC,,,,,2,,143,3,5,8,,,,,,,,,,,,,,,,,,,,,,,,,,,,,,,,,,,,,,,,,,,,,,,,,,,,
977,Shyra Errol,true,,,,,,,,2,,116,,,,,,,,,,Lady of Haystack Hall,,,,,,,,,,,,,,,,,,,,,,,,,,,,,,,,,,,,,,,,,,,,,
978,Sigfry Stonetree,false,Ironborn,,,,,,,5,,366,,,,,,,,,,,,,,,,,,,,,,,,,,,,,,,,,,,,,,,,,,,,,,,,,,,,,,,
979,Sigfryd Harlaw,false,Ironborn,Sigfryd Silverhair,,,,,,5,,179,8,,,,,,,,,Master of Harlaw Hall,,,,,,,,,,,,,,,,,,,,,,,,,,,,,,,,,,,,,,,,,,,,,
980,Sigorn,false,Thenn,,At Thenn,,,,96,5,,385,8,,,,,,,,,Magnar of Thenn,,,,,,,,,,,,,,,,,,,,,,,,,,,,,,,,,,,,,,,,,,,,,
981,Simon Leygood,false,,,,,,,,6,,235,,,,,,,,,,Ser,,,,,,,,,,,,,,,,,,,,,,,,,,,,,,,,,,,,,,,,,,,,,
982,Simon Staunton,false,,,,,,,1891,6,,363,,,,,,,,,,Ser,,,,,,,,,,,,,,,,,,,,,,,,,,,,,,,,,,,,,,,,,,,,,
983,Simon Toyne,false,,,,"In 281 AC, at the Kingswood",,,,1,,392,2,3,5,,,,,,,,,,,,,,,,,,,,,,,,,,,,,,,,,,,,,,,,,,,,,,,,,,,,
984,Stafford Lannister,false,Westerman,Uncle Dolt,In or between 246 AC and 253 AC,"In 299 AC, at Oxcross",,,773,1,,229,2,3,5,8,,,,,,Ser,,,,,,,,,,,,,,,,,,,,,,,,,,,,,,,,,,,,,,,,,,,,,
985,Steffarion Sparr,false,Ironborn,,,,,,,5,,356,,,,,,,,,,,,,,,,,,,,,,,,,,,,,,,,,,,,,,,,,,,,,,,,,,,,,,,
986,Steffon Baratheon,false,,,"In 246 AC, at Shipbreaker Bay",In 278 AC,,,230,11,,17,2,3,8,,,,,,,Lord of Storm's End,Lord Paramount of the Stormlands,,,,,,,,,,,,,,,,,,,,,,,,,,,,,,,,,,,,,,,,,,,,
987,Steffon Darklyn,false,,,,"In 129 AC, at Dragonstone",,,,9,,95,,,,,,,,,,Ser,Lord Commander of the Queensguard,,,,,,,,,,,,,,,,,,,,,,,,,,,,,,,,,,,,,,,,,,,,
988,Steffon Fossoway,false,,,,,,,,4,,139,,,,,,,,,,Ser,,,,,,,,,,,,,,,,,,,,,,,,,,,,,,,,,,,,,,,,,,,,,
989,Steffon Frey,false,,Steffon the Sweet,In or between 263 AC and 280 AC,,,,,2,,143,3,5,,,,,,,,,,,,,,,,,,,,,,,,,,,,,,,,,,,,,,,,,,,,,,,,,,,,,
990,Steffon Hollard,false,,,,,,,,5,,198,,,,,,,,,,Ser,,,,,,,,,,,,,,,,,,,,,,,,,,,,,,,,,,,,,,,,,,,,,
991,Steffon Stackspear,false,,,,,,,,3,,359,5,,,,,,,,,Ser,,,,,,,,,,,,,,,,,,,,,,,,,,,,,,,,,,,,,,,,,,,,,
992,Steffon Swyft,false,,,,,,,,3,,374,5,8,,,,,,,,Ser,,,,,,,,,,,,,,,,,,,,,,,,,,,,,,,,,,,,,,,,,,,,,
993,Steffon Varner,false,,,,,,,,2,,406,,,,,,,,,,Lord,,,,,,,,,,,,,,,,,,,,,,,,,,,,,,,,,,,,,,,,,,,,,
994,Stevron Frey,false,,,"In 233 AC or 234 AC, at Twins","In 299 AC, at Oxcross",,,252,1,Colin Carnegie,143,2,3,5,8,Season 1,,,,,Ser,,,,,,,,,,,,,,,,,,,,,,,,,,,,,,,,,,,,,,,,,,,,,
995,Stonesnake,false,,,In or between 250 AC and 253 AC,,,,,2,,,3,5,8,,,,,,,,,,,,,,,,,,,,,,,,,,,,,,,,,,,,,,,,,,,,,,,,,,,,
996,Sumner Crakehall,false,,,,,,,,3,,86,5,,,,,,,,,Lord of Crakehall,,,,,,,,,,,,,,,,,,,,,,,,,,,,,,,,,,,,,,,,,,,,,
997,Sybell Spicer,true,,,,,,,413,3,,357,5,,,,,,,,,Lady of the Crag,,,,,,,,,,,,,,,,425,,,,,,,,,,,,,,,,,,,,,,,,,,,,,
998,Sybelle Glover,true,Northmen,,,,,,903,2,,239,3,5,8,,,,,,,Lady of Deepwood Motte,,,,,,,,,,,,,,,,150,,,,,,,,,,,,,,,,,,,,,,,,,,,,,
999,Sylva Santagar,true,Dornish,Spotted Sylva,"In 276 AC or 277 AC, at Spottswood",,,,357,5,,337,,,,,,,,,,Lady of Greenstone,,,,,,,,,,,,,,,,117,,,,,,,,,,,,,,,,,,,,,,,,,,,,,
1000,Sylwa Paege,true,,,,,,,1107,2,,293,3,5,,,,,,,,,,,,,,,,,,,,,,,,143,,,,,,,,,,,,,,,,,,,,,,,,,,,,,
1001,Symon Hollard,false,,,,At Duskendale,,,,5,,198,,,,,,,,,,Ser,Master-at-arms at the Dun Fort,,,,,,,,,,,,,,,,,,,,,,,,,,,,,,,,,,,,,,,,,,,,
1002,Symon Santagar,false,,,,,,,,5,,337,8,,,,,,,,,Ser,Knight of Spottswood,,,,,,,,,,,,,,,,,,,,,,,,,,,,,,,,,,,,,,,,,,,,
1003,Symond Botley,false,Ironborn,,,,,,,5,,36,,,,,,,,,,,,,,,,,,,,,,,,,,,,,,,,,,,,,,,,,,,,,,,,,,,,,,,
1004,Symond Frey,false,,,"In or between 252 AC and 260 AC, at the Twins","In 300 AC (suspected), at The North",,,1217,2,,143,3,5,8,,,,,,,,,,,,,,,,,,,,,,,,,,,,,,,,,,,,,,,,,,,,,,,,,,,,
1005,Symond Templeton,false,,,,,,,,5,,383,8,,,,,,,,,Ser,The Knight of Ninestars,,,,,,,,,,,,,,,,,,,,,,,,,,,,,,,,,,,,,,,,,,,,
1006,Taena of Myr,true,Myrish,Taena Merryweather,In 276 AC (roughly),,,,796,3,,264,5,8,,,,,,,,,,,,,,,Myr,,,,,,,,,,,,,,,,,,,,,,,,,,,,,,,,,,,,,,
1007,Talbert Serry,false,,,,"In 300 AC, at near the Shield Islands, the Reach",,,,5,,343,,,,,,,,,,Ser,,,,,,,,,,,,,,,,,,,,,,,,,,,,,,,,,,,,,,,,,,,,,
1008,Talla Tarly,true,,,,,,,,3,Rebecca Benson,379,,,,,Season 6,,,,,,,,,,,,,,,,,,,,,,,,,,,,,,,,,,,,,,,,,,,,,,,,,,
1009,Tallad,false,,Tallad the Tall,,,,,,2,,16,3,5,8,,,,,,,Ser,,,,,,,,,,,,,,,,,,,,,,,,,,,,,,,,,,,,,,,,,,,,,
1010,Tanda Stokeworth,true,,,At Stokeworth,"In 300 AC, at Stokeworth",,,,1,,364,2,3,5,8,,,,,,Lady of Stokeworth,,,,,,,,,,,,,,,,,,,,,,,,,,,,,,,,,,,,,,,,,,,,,
1011,Tanton Fossoway,false,,,,,,,,2,,139,3,5,8,,,,,,,Ser,,,,,,,,,,,,,,,,,,,,,,,,,,,,,,,,,,,,,,,,,,,,,
1012,Terrance Lynderly,false,,,,,,,,5,,251,,,,,,,,,,,,,,,,,,,,,,,,,,,,,,,,,,,,,,,,,,,,,,,,,,,,,,,
1013,Terrence Kenning,false,,,,,,,,3,,219,5,8,,,,,,,,Lord of Kayce,,,,,,,,,,,,,,,,,,,,,,,,,,,,,,,,,,,,,,,,,,,,,
1014,Terrence Toyne,false,,,,In 178 AC,,,,11,,392,3,5,8,,,,,,,Ser,,,,,,,,,,,,,,,,,,,,,,,,,,,,,,,,,,,,,,,,,,,,,
1015,The Sparr,true,Ironborn,,,,,,,5,,356,,,,,,,,,,The Sparr,,,,,,,,,,,,,,,,,,,,,,,,,,,,,,,,,,,,,,,,,,,,,
1016,The Stonehouse,true,Ironborn,,,,,,,5,,365,,,,,,,,,,Lord Stonehouse,,,,,,,,,,,,,,,,,,,,,,,,,,,,,,,,,,,,,,,,,,,,,
1017,Theo Wull,false,Northern mountain clans,Buckets,,"In 283 AC, at Tower of Joy",,,,1,,435,3,,,,,,,,,,,,,,,,,,,,,,,,,,,,,,,,,,,,,,,,,,,,,,,,,,,,,,
1018,Theodan Wells,false,Northmen,Theodan the True,,,,,,5,,421,8,,,,,,,,,Ser,Commander of the Warrior's Sons,,,,,,,,,,,,,,,,,,,,,,,,,,,,,,,,,,,,,,,,,,,,
1019,Theodore Tyrell,false,,,,,,,636,3,,398,5,,,,,,,,,Ser,,,,,,,,,,,,,,,,,,,,,,,,,,,,,,,,,,,,,,,,,,,,,
1020,Theomar Smallwood,false,,,,,,,851,3,,355,5,8,,,,,,,,Lord of Acorn Hall,,,,,,,,,,,,,,,,,,,,,,,,,,,,,,,,,,,,,,,,,,,,,
1021,Theomore Harlaw,false,,,,,,,,5,,178,,,,,,,,,,Lord of the Ten Towers,Lord Harlaw of Harlaw,Harlaw of Harlaw,,,,,,,,,,,,,,,,,,,,,,,,,,,,,,,,,,,,,,,,,,,
1022,Theon Greyjoy,false,Ironborn,Prince of Fools,"In 278 AC or 279 AC, at Pyke",,,,,1,Alfie Allen,169,3,5,,,Season 1,Season 2,Season 3,Season 4,Season 5,Prince of Winterfell,Captain of Sea Bitch,Lord of the Iron Islands (by law of the green lands),,,,,Theon Turncloak,Reek,Theon Kinslayer,,,,,,,,,,,,,,2,,,,,,,,,,,,,8,,,,Season 6,,,,,
1023,Theon Stark,false,Northmen,The Hungry Wolf,,,,,,11,,,1,2,8,,,,,,,King of Winter,,,,,,,,,,,,,,,,,,,,,,,,,,,,,,,,,,,,,,,,,,,,,
1024,Thoren Smallwood,false,,,,"In 299 AC, at Fist of the First Men",,,,2,,,3,,,,,,,,,First Ranger (self-styled),,,,,,,,,,,,,,,,,,,,,,,,,,,,,,,,,,,,,,,,,,,,,
1025,Tion Frey,false,,,In or between 279 AC and 284 AC,"In 299 AC, at Riverrun",,,,1,,143,2,3,5,8,,,,,,,,,,,,,,,,,,,,,,229,,,,,,,,,,,,,,,,,,,,,,,,,,,,,
1026,Tion Lannister,false,,,In or between 211 AC and 219 AC,"In 236 AC, at the Wendwater",,,367,11,,229,,,,,,,,,,Ser,,,,,,,,,,,,,,,,,,,,,,,,,,,,,,,,,,,,,,,,,,,,,
1027,Titus Peake,false,,,,,,,708,3,,296,5,8,,,,,,,,Lord of Starpike,,,,,,,,,,,,,,,,,,,,,,,,,,,,,,,,,,,,,,,,,,,,,
1028,Tom Costayne,false,,Long Tom Costayne,,,,,,5,,83,,,,,,,,,,Ser,,,,,,,,,,,,,,,,,,,,,,,,,,,,,,,,,,,,,,,,,,,,,
1029,Tommen Baratheon,false,,The Boy King,291 AC,,901,238,16,1,Callum Wharry,,2,3,5,8,Season 1,Season 2,Season 4,Season 5,,"King of the Andals, the Rhoynar and the First Men",Lord of the Seven Kingdoms,,,,,,,,,,,,,,,,,,,,,,,,,,,,,,,,,,,,,,,,Dean-Charles Chapman,,,,
1030,Tommen Costayne,false,,,,,,,,5,,83,,,,,,,,,,Lord of the Three Towers,,,,,,,,,,,,,,,,,,,,,,,,,,,,,,,,,,,,,,,,,,,,,
1031,Torren Liddle,false,Northern mountain clans,,,,,,,5,,236,8,,,,,,,,,The Liddle,Lord Liddle,,,,,,,,,,,,,,,,,,,,,,,,,,,,,,,,,,,,,,,,,,,,
1032,Torrence Teague,false,Rivermen,,,,,,,11,,,,,,,,,,,,King of the Trident,Lord,,,,,,,,,,,,,,,,,,,,,,,,,,,,,,,,,,,,,,,,,,,,
1033,Torrhen Karstark,false,Northmen,Torr,At Karhold,"In 298 AC, at the Whispering Wood",,,,1,Tyrone McElhennon,215,2,3,5,8,Season 2,,,,,,,,,,,,,,,,,,,,,,,,,,,,,,,,,,,,,,,,,,,,,,,,,,
1034,Torrhen Stark,false,Northmen,The King Who Knelt,,,,,,11,,,1,2,3,,,,,,,King in the North (former),Lord of Winterfell,Warden of the North,,,,,,,,,,,,,,,,,,,,,,,,,,,,,,,,,,,,,,,,,,,
1035,Trebor Jordayne,false,,,,,,,,5,,213,8,,,,,,,,,Lord of the Tor,,,,,,,,,,,,,,,,,,,,,,,,,,,,,,,,,,,,,,,,,,,,,
1036,Tremond Gargalen,false,Dornish,,,,,,,3,,146,5,8,,,,,,,,Lord of Salt Shore,,,,,,,,,,,,,,,,,,,,,,,,,,,,,,,,,,,,,,,,,,,,,
1037,Tristan Mudd,false,,,,,,,,3,,274,,,,,,,,,,Lord Commander of the Night's Watch,,,,,,,,,,,,,,,,,,,,,,,,,,,,,,,,,,,,,,,,,,,,,
1038,Tristan Ryger,false,,,,,,,,3,,333,,,,,,,,,,,,,,,,,,,,,,,,,,,,,,,,,,,,,,,,,,,,,,,,,,,,,,,
1039,Tristifer Botley,false,Ironborn,Tris,At Lordsport,,,,,5,,36,8,,,,,,,,,Heir to Lordsport,,,,,,,,,,,,,,,,,,,,,,,,,,,,,,,,,,,,,,,,,,,,,
1040,Tristifer IV Mudd,false,,The Hammer of Justice,,,,,,3,,,11,,,,,,,,,King of the Rivers and the Hills,,,,,,,,,,,1041,,,,,,,,,,,,,,,,,,,,,,,,,,,,,,,,,,
1041,Tristifer V,false,,Tristifer the Last,,,1040,,,,,,,,,,,,,,,King of the Rivers and the Hills,,,,,,,,,,,,,,,,,,,,,,,,,,,,,,,,,,,,,,,,,,,,,
1042,Triston Sunderland,false,,,,,,,,5,,370,8,,,,,,,,,Lord of the Three Sisters,,,,,,,,,,,,,,,,,,,,,,,,,,,,,,,,,,,,,,,,,,,,,
1043,Trystane Martell,false,Dornish,,In 287 AC,,,,,1,Toby Sebastian,285,2,3,5,8,Season 5,Season 6,,,,Prince,,,,,,,,,,,,,,,,,,,,,,,,,,,,,,,,,,,,,,,,,,,,,
1044,Tya Lannister,true,,,,,,,435,1,,17,,,,,,,,,,,,,,,,,,,,,,,,,,229,,,,,,,,,,,,,,,,,,,,,,,,,,,,,
1045,Tyana Wylde,true,,,,,,,56,2,,438,3,5,,,,,,,,,,,,,,,,,,,,,,,,143,,,,,,,,,,,,,,,,,,,,,,,,,,,,,
1046,Tybolt Crakehall,false,,,,,,,,3,,86,5,,,,,,,,,Ser,,,,,,,,,,,,,,,,,,,,,,,,,,,,,,,,,,,,,,,,,,,,,
1047,Tybolt Hetherspoon,false,,,,,,,,5,,193,8,,,,,,,,,Ser,,,,,,,,,,,,,,,,,,,,,,,,,,,,,,,,,,,,,,,,,,,,,
1048,Tybolt Lannister,false,Westerman,,,In 212 AC,,,1989,4,,229,6,7,11,,,,,,,Ser,Lord of Casterly Rock,Shield of Lannisport,Warden of the West,,,,,,,,,,,,,,,,,,,,,,,,,,,,,,,,,,,,,,,,,,
1049,Tygett Lannister,false,,Tyg,In 250 AC,In or after 285 AC,,,292,1,,229,2,3,5,8,,,,,,Ser,,,,,,,,,,,,,,,,,,,,,,,,,,,,,,,,,,,,,,,,,,,,,
1050,Tyland Lannister,false,,,,In 133 AC,,,,11,,229,10,9,,,,,,,,Ser,Master of ships,Master of coin,Hand of the King,,,,,,,,,,,,,,,,,,,,,,,,,,,,,,,,,,,,,,,,,,
1051,Tyrek Lannister,false,,"""Wet Nurse""",In 286 AC,"In 299 AC (allegedly), at King's Landing",,,382,1,,229,2,3,5,8,,,,,,,,,,,,,,,,,,,,,,,,,,,,,,,,,,,,,,,,,,,,,,,,,,,
1052,Tyrion Lannister,false,,The Imp,"In 273 AC, at Casterly Rock",,,,2044,5,Peter Dinklage,229,11,,,,Season 1,Season 2,Season 3,Season 4,Season 5,Acting Hand of the King (former),Master of Coin (former),,,,,,Halfman,The boyman,Giant of Lannister,Lord Tywin's Doom,,,,,,,,,,,,,1,,Lord Tywin's Bane,Yollo,Hugor Hill,No-Nose,Freak,Dwarf,,,,,,2,3,8,,Season 6,,,,,
1053,Tysane Frey,true,,,In 292 AC,,,,,2,,143,3,5,,,,,,,,,,,,,,,,,,,,,,,,,,,,,,,,,,,,,,,,,,,,,,,,,,,,,
1054,Tyta Frey,true,,Tyta the Maid,In 269 AC or 270 AC,,,,,2,,143,3,5,8,,,,,,,,,,,,,,,,,,,,,,,,,,,,,,,,,,,,,,,,,,,,,,,,,,,,
1055,Tytos Brax,false,,,,,,,,1,,40,2,3,5,8,,,,,,Ser,Lord of Hornvale,,,,,,,,,,,,,,,,,,,,,,,,,,,,,,,,,,,,,,,,,,,,
1056,Tytos Frey,false,,,In or between 261 AC and 272 AC,"In 299 AC, at the Twins",,,1135,2,,143,3,5,,,,,,,,Ser,,,,,,,,,,,,,,,,,,,,,,,,,,,,,,,,,,,,,,,,,,,,,
1057,Tytos Lannister,false,,The Laughing Lion,In 220 AC,"In 267 AC, at Casterly Rock",,,556,11,,229,3,5,8,,,,,,,Lord of Casterly Rock,Shield of Lannisport,Warden of the West,,,,,The Toothless Lion,,,,,,,,,,,,,,,,,,,,,,,,,,,,,,,,,,,,,,
1058,Tywin Frey,false,,Ty,In 287 AC or 288 AC,,,,,2,,143,3,5,8,,,,,,,Ser,,,,,,,,,,,,,,,,142,,,,,,,,,,,,,,,,,,,,,,,,,,,,,
1059,Tywin Frey,false,,,In 299 AC or 300 AC,,,,,5,,143,,,,,,,,,,,,,,,,,,,,,,,,,,,,,,,,,,,,,,,,,,,,,,,,,,,,,,,
1060,Ulrick Dayne,false,Dornish,,,,,,,6,,99,,,,,,,,,,Ser,Sword of the Morning,,,,,,,,,,,,,,,,,,,,,,,,,,,,,,,,,,,,,,,,,,,,
1061,Ulwyck Uller,false,,,,,,,,3,,400,5,8,,,,,,,,Ser,,,,,,,,,,,,,,,,,,,,,,,,,,,,,,,,,,,,,,,,,,,,,
1062,Urrigon Greyjoy,false,Ironborn,Urri,In 268 AC or 269 AC,At Pyke,,,,5,,169,,,,,,,,,,,,,,,,,,,,,,,,,,,,,,,,,,,,,,,,,,,,,,,,,,,,,,,
1063,Utherydes Wayn,false,,,In or between 237 AC and 241 AC (roughly),,,,,1,,416,2,3,5,8,,,,,,Steward,,,,,,,,,,,,,,,,395,,,,,,,,,,,,,,,,,,,,,,,,,,,,,
1064,Uthor Tollett,false,Valemen,,,,,,,5,,388,,,,,,,,,,Lord of the Grey Glen,,,,,,,,,,,,,,,,,,,,,,,,,,,,,,,,,,,,,,,,,,,,,
1065,Uthor Underleaf,false,,The Snail,"In or around 181 AC, 182 AC or 183 AC",,,,,7,,,,,,,,,,,,Ser,,,,,,,,,,,,,,,,,,,,,,,,,,,,,,,,,,,,,,,,,,,,,
1066,Vaemond Velaryon,false,Valyrian,,,In 126 AC,,,,10,,407,,,,,,,,,,Ser,,,,,,,,,,,,,,,,,,,,,,,,,,,,,,,,,,,,,,,,,,,,,
1067,Valarr Targaryen,false,Valyrian,The Young Prince,In or between 183 AC and 193 AC,"In 209 AC, at King's Landing",,,1589,4,,378,6,7,,,,,,,,Prince  Hand of the King (possibly),,,,,,,,,,,,,,,,,,,,,,,,,,,,,,,,,,,,,,,,,,,,,
1068,Vardis Egen,false,Valemen,,In or between 249 AC and 253 AC,"In 298 AC, at the Eyrie",,,,1,Brendan McCormack,113,2,3,,,Season 1,,,,,Ser,Captain of the Guards,,,,,,,,,,,,,,,7,,,,,,,,,,,,,,,,,,,,,,,,,,,,,
1069,Vayon Poole,false,,,,"In 298 AC, at King's Landing",,,,1,,305,2,,,,,,,,,Steward of Winterfell,,,,,,,,,,,,,,,,,,,,,,,,,,,,,,,,,,,,,,,,,,,,,
1070,Velaena Velaryon,true,Valyrian,,,,,,59,11,,407,,,,,,,,,,Lady of Dragonstone,,,,,,,,,,,,,,,,378,,,,,,,,,,,,,,,,,,,,,,,,,,,,,
1071,Vickon Botley,false,Ironborn,,,,,,,5,,36,,,,,,,,,,,,,,,,,,,,,,,,,,,,,,,,,,,,,,,,,,,,,,,,,,,,,,,
1072,Vickon Greyjoy,false,,,,In 33 AC,,,,11,,169,1,2,3,5,,,,,,Lord of the Iron Islands,Lord Reaper of Pyke,,,,,,,,,,,,,,,,,,,,,,,,,,,,,,,,,,,,,,,,,,,,
1073,Victaria Tyrell,true,,,,,,,575,3,,398,5,,,,,,,,,,,,,,,,,,,,,,,,,,,,,,,,,,,,,,,,,,,,,,,,,,,,,,
1074,Victarion Greyjoy,false,Ironborn,The Iron Captain,"In 268 AC or before, at Pyke",,,,,1,,169,2,3,,,,,,,,Lord Captain of the Iron Fleet,Master of the Iron Victory,,,,,,,,,,,,,,,,,,,,,,5,,,,,,,,,,,,,8,,,,,,,,,
1075,Victor Tyrell,false,,,,,,,,3,,398,5,,,,,,,,,Ser,,,,,,,,,,,,,,,,,,,,,,,,,,,,,,,,,,,,,,,,,,,,,
1076,Viserys I,false,,The Young King,"77 AC, at King's Landing","129 AC, at King's Landing",157,109,49,11,,,10,9,1,,,,,,,"King of the Andals, the Rhoynar and the First Men",Lord of the Seven Kingdoms,Protector of the Realm,,,,,,,,,874,156,39,488,,,,,,,55,275,,,,,,,,,,,,,,,,,,,,,,,
1077,Viserys II,false,,,"122 AC, at Dragonstone","172 AC, at King's Landing",269,874,1608,11,,,10,9,1,3,,,,,,"King of the Andals, the Rhoynar and the First Men",Lord of the Seven Kingdoms,Protector of the Realm,Hand of the King,,,,,,,,41,779,,,,,,,,,,,,,,,,,,,,,,,,,,,,,,,,,
1078,Viserys Plumm,false,,,In 176 AC or 177 AC,,,,,7,,303,8,11,,,,,,,,Lord,,,,,,,,,,,,,,,,,,,,,,,,,,,,,,,,,,,,,,,,,,,,,
1079,Viserys Targaryen,false,Valyrian,The Beggar King,"In 276 AC, at King's Landing","In 298 AC, at Vaes Dothrak",,,,11,Harry Lloyd,378,1,2,3,5,Season 1,,,,,"King of the Andals, the Rhoynar and the First Men, Lord of the Seven Kingdoms and Protector of the Realm",,,,,,,Khal Rhaggat (The Cart King),,,,,,,,8,,,,,,,,,,,,,,,,,,,,,,,,,,,,,,
1080,Vortimer Crane,false,,,,,,,,1,,87,2,3,5,8,,,,,,Ser,Master-at-arms at Highgarden,,,,,,,,,,,,,,,,,,,,,,,,,,,,,,,,,,,,,,,,,,,,
1081,Walda Frey,true,,,In 290 AC or 291 AC,,,,,2,,143,3,5,,,,,,,,,,,,,,,,,,,,,,,,,,,,,,,,,,,,,,,,,,,,,,,,,,,,,
1082,Walda Frey,true,,,In 294 AC or 295 AC,,,,,2,,143,3,5,,,,,,,,,,,,,,,,,,,,,,,,,,,,,,,,,,,,,,,,,,,,,,,,,,,,,
1083,Walda Frey,true,,Fair Walda,In 280 AC or 281 AC,,,,,2,,143,3,5,,,,,,,,,,,,,,,,,,,,,,,,,,,,,,,,,,,,,,,,,,,,,,,,,,,,,
1084,Walda Frey,true,,Fat Walda,In 283 AC or 284 AC,,,,933,2,Elizabeth Webster,143,3,5,8,,Season 4,Season 5,Season 6,,,,,,,,,,Walda Bolton,,,,,,,,,34,,,,,,,,,,,,,,,,,,,,,,,,,,,,,
1085,Walda Frey,true,,White Walda,In 288 AC or 289 AC,,,,,2,,143,3,5,,,,,,,,,,,,,,,,,,,,,,,,,,,,,,,,,,,,,,,,,,,,,,,,,,,,,
1086,Walda Rivers,true,,,In 294 AC or 295 AC,,,,,2,,143,3,5,,,,,,,,,,,,,,,,,,,,,,,,,,,,,,,,,,,,,,,,,,,,,,,,,,,,,
1087,Walda Rivers,true,,,In 295 AC,,,,,3,,143,,,,,,,,,,,,,,,,,,,,,,,,,,,,,,,,,,,,,,,,,,,,,,,,,,,,,,,
1088,Walder Brax,false,,,In 293 AC,,,,,2,,40,3,5,,,,,,,,,,,,,,,,,,,,,,,,,,,,,,,,,,,,,,,,,,,,,,,,,,,,,
1089,Walder Frey,false,,Big Walder,In 291 AC,,,,,1,,143,2,3,5,8,,,,,,,,,,,,,,,,,,,,,,,,,,,,,,,,,,,,,,,,,,,,,,,,,,,
1090,Walder Frey,false,Rivermen,Black Walder,In or between 260 AC and 280 AC,,,,,1,Tim Plester,143,2,3,5,,Season 3,Season 6,,,,,,,,,,,,,,,,,,,,,,,,,,,,,,,,,,,,,,,,,,,,,,,,,
1091,Walder Frey,false,,Little Walder,"In 291 AC, at The Twins","In 300 AC, at Winterfell",,,,1,,143,2,3,5,8,,,,,,,,,,,,,,,,,,,,,,,,,,,,,,,,,,,,,,,,,,,,,,,,,,,
1092,Walder Frey,false,,Red Walder,In 285 AC,,,,,2,,142,3,5,8,,,,,,,,,,,,,,,,,,,,,,,,,,,,,,,,,,,,,,,,,,,,,,,,,,,,
1093,Walder Frey,false,Rivermen,The Late Lord Frey,In 208 AC,,,,818,7,David Bradley,143,1,2,3,5,Season 1,Season 3,Season 6,,,Lord of the Crossing,,,,,,,Old Frey,,,,,,,,8,,,,,,,,,,,,,,,,,,,,,,,,,,,,,,
1094,Walder Goodbrook,false,,,In 290 AC,,,,,2,,151,3,5,,,,,,,,,,,,,,,,,,,,,,,,,,,,,,,,,,,,,,,,,,,,,,,,,,,,,
1095,Walder Haigh,false,,,In 294 AC or 295 AC,,,,,2,,172,3,5,,,,,,,,,,,,,,,,,,,,,,,,,,,,,,,,,,,,,,,,,,,,,,,,,,,,,
1096,Walder Rivers,false,Rivermen,Bastard Walder,,,,,,1,,143,2,3,5,8,,,,,,Ser,,,,,,,,,,,,,,,,,,,,,,,,,,,,,,,,,,,,,,,,,,,,,
1097,Waldon Wynch,false,Ironborn,,,,,,,2,,439,3,5,8,,,,,,,Lord of Iron Holt,,,,,,,,,,,,,,,,,,,,,,,,,,,,,,,,,,,,,,,,,,,,,
1098,Wallace Waynwood,false,,,In or between 278 AC and 283 AC,,,,,5,,417,8,,,,,,,,,Ser,,,,,,,,,,,,,,,,,,,,,,,,,,,,,,,,,,,,,,,,,,,,,
1099,Walter Whent,false,Rivermen,Old Lord Whent,,,,,972,3,,427,8,11,,,,,,,,Lord of Harrenhal,,,,,,,,,,,,,,,,,,,,,,,,,,,,,,,,,,,,,,,,,,,,,
1100,Walton Frey,false,,,In or between 250 AC and 267 AC,,,,295,2,,143,3,5,,,,,,,,,,,,,,,,,,,,,,,,,,,,,,,,,,,,,,,,,,,,,,,,,,,,,
1101,Walton Stark,false,,Walton the Moon King,,,,,,2,,362,,,,,,,,,,King in the North,Lord of Winterfell,,,,,,,,,,,,,,,,,,,,,,,,,,,,,,,,,,,,,,,,,,,,
1102,Waltyr Frey,false,,Tyr,In 289 AC,,,,,2,,143,3,5,8,,,,,,,,,,,,,,,,,,,,,,,,,,,,,,,,,,,,,,,,,,,,,,,,,,,,
1103,Warryn Beesbury,false,,,,,,,,5,,18,,,,,,,,,,Lord of Honeyholt,,,,,,,,,,,,,,,,,,,,,,,,,,,,,,,,,,,,,,,,,,,,,
1104,Waymar Royce,false,Valemen,,"In 278 AC or 279 AC, at Runestone","In 297 AC, at the Haunted Forest, Beyond the Wall",,,,1,Rob Ostlere,328,2,3,5,,Season 1,,,,,Ser,,,,,,,,,,,,,,,,,,,,,,,,,,,,,,,,,,,,,,,,,,,,,
1105,Wendel Frey,false,,,In 286 AC,,,,,2,,143,3,5,8,,,,,,,,,,,,,,,,,,,,,,,,,,,,,,,,,,,,,,,,,,,,,,,,,,,,
1106,Wendel Manderly,false,,,"In or between 254 AC and 263 AC, at White Harbor","In 299 AC, at the Twins",,,,1,Oddie Braddell,255,2,3,5,8,Season 3,,,,,Ser,,,,,,,,,,,,,,,,,,,,,,,,,,,,,,,,,,,,,,,,,,,,,
1107,Whalen Frey,false,,,In 267 AC or 268 AC,,,,1000,1,,143,2,3,5,8,,,,,,Ser,,,,,,,,,,,,,,,,,,,,,,,,,,,,,,,,,,,,,,,,,,,,,
1108,Wilbert Osgrey,false,,the Little Lion,,,,,,6,,291,,,,,,,,,,Ser,,,,,,,,,,,,,,,,,,,,,,,,,,,,,,,,,,,,,,,,,,,,,
1109,Will,false,,,,"In 297 AC, at Haunted Forest",,,,2,Bronson Webb,,,,,,,,,,,,,,,,,,,,,,,,,,,,,,,,,,1,,,,,,,,,,,,,,,,,,,,,,
1110,Willam Dustin,false,Northmen,,,"In 283 AC, at the Tower of Joy",,,166,1,,111,5,8,,,,,,,,Lord of Barrowton,,,,,,,,,,,,,,,,,,,,,,,,,,,,,,,,,,,,,,,,,,,,,
1111,Willam Stark,false,Northmen,,At Winterfell,"In 226 AC, at Long Lake",,,737,11,,362,2,,,,,,,,,Lord of Winterfell,Warden of the North,,,,,,,,,,,,,,,,,,,,,,,,,,,,,,,,,,,,,,,,,,,,
1112,Willam Wythers,false,,,,,,,,5,,440,,,,,,,,,,Ser,Captain of the Guards,,,,,,,,,,,,,,,398,,,,,,,,,,,,,,,,,,,,,,,,,,,,,
1113,Willas Tyrell,false,,,In or between 270 AC and 276 AC,,,,,1,,398,2,3,5,8,,,,,,,,,,,,,,,,,,,,,,,,,,,,,,,,,,,,,,,,,,,,,,,,,,,
1114,Willem Darry,false,,,,"In 289 AC or 290 AC (roughly), at Braavos",,,,1,,97,2,3,8,,,,,,,Ser Master-at-arms at the Red Keep,,,,,,,,,,,,,,,,378,,,,,,,,,,,,,,,,,,,,,,,,,,,,,
1115,Willem Frey,false,,,In 289 AC or 290 AC,,,,,2,,143,3,5,8,,,,,,,,,,,,,,,,,,,,,,,142,,,,,,,,,,,,,,,,,,,,,,,,,,,,,
1116,Willem Lannister,false,,,In or between 285 AC and 287 AC,"In 299 AC, at Riverrun",,,,1,,229,2,3,5,8,,,,,,,,,,,,,,,,,,,,,,,,,,,,,,,,,,,,,,,,,,,,,,,,,,,
1117,Willem Wylde,false,,,,,,,,4,,438,7,,,,,,,,,Ser,,,,,,,,,,,,,,,,,,,,,,,,,,,,,,,,,,,,,,,,,,,,,
1118,William Mooton,false,,,,,,,,2,,269,3,5,8,,,,,,,Lord of Maidenpool,,,,,,,,,,,,,,,,,,,,,,,,,,,,,,,,,,,,,,,,,,,,,
1119,Willis Fell,false,,,,,,,,9,,124,,,,,,,,,,Ser,,,,,,,,,,,,,,,,,,,,,,,,,,,,,,,,,,,,,,,,,,,,,
1120,Willis Wode,false,,,,,,,,1,,430,5,,,,,,,,,Ser,,,,,,,,,,,,,,,,427,,,,,,,,,,,,,,,,,,,,,,,,,,,,,
1121,Wyl Waynwood,false,,Wild Wyl,,"In 196 AC, at the Redgrass Field",,,,6,,417,,,,,,,,,,,,,,,,,,,,,,,,,,,,,,,,,,,,,,,,,,,,,,,,,,,,,,,
1122,Wylis Manderly,false,,,"In or between 252 AC and 262 AC, at White Harbor",,,,,1,,255,2,3,5,8,,,,,,Ser,,,,,,,,,,,,,,,,,,,,,,,,,,,,,,,,,,,,,,,,,,,,,
1123,Wylla Manderly,true,,,"In 284 AC or 285 AC, at White Harbor",,,,,5,,255,8,,,,,,,,,,,,,,,,,,,,,,,,,,,,,,,,,,,,,,,,,,,,,,,,,,,,,,
1124,Wyman Manderly,false,,Lord Lamprey,"In or between 239 AC and 242 AC, at White Harbour",,,,,1,,255,2,3,5,8,,,,,,Lord of White Harbor,Warden of the White Knife,Shield of the Faith,Defender of the Dispossessed,Lord Marshal of the Mander,Knight of the Order of the Green Hand,,Lord Too-Fat-to-Sit-a-Horse,Lord Pig,Lord Lard,,,,,,,,,,,,,,,,,,,,,,,,,,,,,,,,,,,,
1125,Wynafrei Whent,true,,,,,,,291,2,,427,3,5,,,,,,,,,,,,,,,,,,,,,,,,,,,,,,,,,,,,,,,,,,,,,,,,,,,,,
1126,Wynafryd Manderly,true,,,"In 280 AC or 281 AC, at White Harbor",,,,,5,,255,8,,,,,,,,,,,,,,,,,,,,,,,,,,,,,,,,,,,,,,,,,,,,,,,,,,,,,,
1127,Wynton Stout,false,Northmen,,In or before 219 AC,,,,,3,,367,5,,,,,,,,,Ser,,,,,,,,,,,,,,,,,,,,,,,,,,,,,,,,,,,,,,,,,,,,,
1128,Ygon Farwynd,false,,,,,,,,5,,123,,,,,,,,,,,,,,,,,,,,,,,,,,,,,,,,,,,,,,,,,,,,,,,,,,,,,,,
1129,Ynys Yronwood,true,Dornish,,,,,,1922,8,,444,,,,,,,,,,,,,,,,,,,,,,,,,,2,,,,,,,,,,,,,,,,,,,,,,,,,,,,,
1130,Yohn Farwynd,false,Ironborn,,,,,,,5,,123,,,,,,,,,,,,,,,,,,,,,,,,,,,,,,,,,,,,,,,,,,,,,,,,,,,,,,,
1131,Yohn Royce,false,Valemen,Bronze Yohn,,,,,,1,Rupert Vansittart,328,2,3,5,8,Season 4,Season 6,,,,Lord of Runestone,,,,,,,,,,,,,,,,,,,,,,,,,,,,,,,,,,,,,,,,,,,,,
1132,Yoren,false,Westeros,,,"In 299 AC, at Gods Eye",,,,1,Francis Magee,,2,3,5,,Season 1,Season 2,,,,,,,,,,,,,,,,,,,,,,,,,,,,,,,,,,,,,,,,,,,,,,,,,
1133,Ysilla Royce,true,Valemen,,,,,,768,5,,328,8,,,,,,,,,,,,,,,,,,,,,,,,,316,,,,,,,,,,,,,,,,,,,,,,,,,,,,,
1134,Zachery Frey,false,,,In 287 AC,,,,,2,,143,3,5,,,,,,,,,,,,,,,,,,,,,,,,,,,,,,,,,,,,,,,,,,,,,,,,,,,,,
1135,Zhoe Blanetree,true,,,,,,,1056,2,,28,3,5,,,,,,,,,,,,,,,,,,,,,,,,,,,,,,,,,,,,,,,,,,,,,,,,,,,,,
1136,Zia Frey,true,,,In 285 AC,,,,,2,,143,3,5,,,,,,,,,,,,,,,,,,,,,,,,,,,,,,,,,,,,,,,,,,,,,,,,,,,,,
1137,Monster,false,Free Folk,the little monsterthe abomination,"In 299 AC, at Craster's Keep",,,,,3,,,5,8,,,,,,,,,,,,,,,,,,,,,,,,,,,,,,,,,,,,,,,,,,,,,,,,,,,,,
1138,Addam,false,,,,,,,,7,,,,,,,,,,,,Ser,,,,,,,,,,,,,,,,,,,,,,,,,,,,,,,,,,,,,,,,,,,,,
1139,Aethan,false,,,,,,,,3,,,,,,,,,,,,,,,,,,,,,,,,,,,,,,,,,,,,,,,,,,,,,,,,,,,,,,,,,
1140,Aethelmure,false,,,,,,,,1,,,,,,,,,,,,Grand Maester,,,,,,,,,,,,,,,,,,,,,,,,,,,,,,,,,,,,,,,,,,,,,
1141,Aggar,false,,,,"In 299 AC, at Winterfell",,,,2,,169,8,,,,,,,,,,,,,,,,,,,,,,,,,,,,,,,,,,,,,,,,,,,,,,,,,,,,,,
1142,Aggo,false,Dothraki,,,,,,,1,Chuku Modu,378,2,3,5,8,Season 6,,,,,"Ko, Bloodrider of Daenerys Targaryen",,,,,,,,,,,,,,,,,,,,,,,,,,,,,,,,,,,,,,,,,,,,,
1143,Agrivane,false,,,,,,,,5,,,,,,,,,,,,Archmaester,,,,,,,,,,,,,,,,,,,,,,,,,,,,,,,,,,,,,,,,,,,,,
1144,Alan of Rosby,false,,,,"In 300 AC, at the haunted forest",,,,2,,,3,5,8,,,,,,,,,,,,,,,,,,,,,,,,,,,,,,,,,,,,,,,,,,,,,,,,,,,,
1145,Alaric of Eysen,false,,,,,,,,3,,,5,,,,,,,,,,,,,,,,,,,,,,,,,,,,,,,,,,,,,,,,,,,,,,,,,,,,,,
1146,Alayaya,true,,'Yaya,"In 282 AC or 283 AC, at King's Landing",,,,,2,,,3,5,8,,,,,,,,,,,,,,,,,,,,,,,,,,,,,,,,,,,,,,,,,,,,,,,,,,,,
1147,Albett,false,,Pimple,,,,,,1,,,2,3,5,8,,,,,,,,,,,,,,,,,,,,,,,,,,,,,,,,,,,,,,,,,,,,,,,,,,,
1148,Alebelly,false,Northmen,,,"In 299 AC, at Winterfell",,,,2,,362,,,,,,,,,,,,,,,,,,,,,,,,,,,,,,,,,,,,,,,,,,,,,,,,,,,,,,,
1149,Alequo Adarys,false,Tyroshi,Silvertongue,,,,,,11,,,,,,,,,,,,,,,,,,,The Tyrant of Tyrosh,,,,,,,,,,,,,,,,,,,,,,,,,,,,,,,,,,,,,,
1150,Alesandor Torrent,false,,,,,,,,5,,389,8,,,,,,,,,Lord of Littlesister,,,,,,,,,,,,,,,,,,,,,,,,,,,,,,,,,,,,,,,,,,,,,
1151,Alfyn,false,Free Folk,Alfyn Crowkiller,,In 299 AC,,,,2,,,3,8,,,,,,,,,,,,,,,,,,,,,,,,,,,,,,,,,,,,,,,,,,,,,,,,,,,,,
1152,Alia of Braavos,true,,,,,,,,1,,,,,,,,,,,,,,,,,,,,,,,,,,,,,,,,,,,,,,,,,,,,,,,,,,,,,,,,,
1153,All-for-Joffrey,false,,,,"In 299 AC, at Riverlands",,,,2,,,,,,,,,,,,,,,,,,,,,,,,,,,,,,,,,,,,,,,,,,,,,,,,,,,,,,,,,
1154,Allaquo,false,Braavosi,,,,,,,5,,,,,,,,,,,,,,,,,,,,,,,,,,,,,,,,,,,,,,,,,,,,,,,,,,,,,,,,,
1155,Allard Seaworth,false,,,,"In 299 AC, at Blackwater Bay",,,,2,,340,3,5,8,,,,,,,Captain of the Lady Marya,,,,,,,,,,,,,,,,,,,,,,,,,,,,,,,,,,,,,,,,,,,,,
1156,Alvyn Sharp,false,Ironborn,,,,,,,5,,344,,,,,,,,,,,,,,,,,,,,,,,,,,,,,,,,,,,,,,,,,,,,,,,,,,,,,,,
1157,Alyce,true,,,,,,,,3,,,5,,,,,,,,,,,,,,,,,,,,,,,,,,,,,,,,,,,,,,,,,,,,,,,,,,,,,,
1158,Alyn,false,,,,"In 298 AC, at Riverlands",,,,1,,362,2,3,8,,,,,,,,,,,,,,,,,,,,,,,,,,,,,,,,,,,,,,,,,,,,,,,,,,,,
1159,Alyn,false,,Sour Alyn,,,,,,8,,34,,,,,,,,,,,,,,,,,,,,,,,,,,,,,,,,,,,,,,,,,,,,,,,,,,,,,,,
1160,Alysanne Bracken,true,,,,,,,,8,,37,,,,,,,,,,,,,,,,,,,,,,,,,,,,,,,,,,,,,,,,,,,,,,,,,,,,,,,
1161,Amabel,true,,,,,,,,2,,427,3,,,,,,,,,,,,,,,,,,,,,,,,,,,,,,,,,,,,,,,,,,,,,,,,,,,,,,
1162,Ambrode,false,Ironborn,,,,,,,2,,,,,,,,,,,,,,,,,,,,,,,,,,,,,,,,,,,,,,,,,,,,,,,,,,,,,,,,,
1163,Andrey Dalt,false,Dornish,Drey,,,,,,5,,92,,,,,,,,,,Ser,,,,,,,,,,,,,,,,,,,,,,,,,,,,,,,,,,,,,,,,,,,,,
1164,Andrik,false,Ironborn,Andrik the Unsmiling,,,,,,2,,106,3,5,8,,,,,,,Lord of Southshield,,,,,,,,,,,,,,,,,,,,,,,,,,,,,,,,,,,,,,,,,,,,,
1165,Anguy,false,,The Archer,At Dornish Marches,,,,,1,Philip McGinley,,3,5,,,Season 3,,,,,,,,,,,,,,,,,,,,,,,,,,,,,,,,,,,,,,,,,,,,,,,,,,
1166,Areo Hotah,false,Norvoshi,,"In 257 AC or before, at Norvos",,,,,1,DeObia Oparei,285,2,3,,,Season 5,Season 6,,,,Captain of the Guard at Sunspear,,,,,,,,,,,,,,,,,,,,,,,5,,,,,,,,,,,,,8,,,,,,,,,
1167,Argrave the Defiant,false,,,At Nunny,,,,,7,,55,,,,,,,,,,Ser,,,,,,,,,,,,,,,,,,,,,,,,,,,,,,,,,,,,,,,,,,,,,
1168,Armen,false,,Armen the Acolyte,,,,,,5,,,,,,,,,,,,,,,,,,,,,,,,,,,,,,,,,,,,,,,,,,,,,,,,,,,,,,,,,
1169,Armistead Vance,false,Andal,,,,,,,11,,,,,,,,,,,,,,,,,,,,,,,,,,,,,,,,,,,,,,,,,,,,,,,,,,,,,,,,,
1170,Arneld,false,,,,,,,,2,,,,,,,,,,,,Ser,,,,,,,,,,,,,,,,,,,,,,,,,,,,,,,,,,,,,,,,,,,,,
1171,Arnell,false,,,,,,,,2,,,,,,,,,,,,Ser,,,,,,,,,,,,,,,,,,,,,,,,,,,,,,,,,,,,,,,,,,,,,
1172,Arron,false,,,At Fair Isle,,,,,3,,,5,8,,,,,,,,,,,,,,,,,,,,,,,,,,,,,,,,,,,,,,,,,,,,,,,,,,,,,
1173,Arryk,false,,"""Left"" or ""Right""",,,,,,3,,398,5,,,,,,,,,,,,,,,,,,,,,,,,,,,,,,,,,,,,,,,,,,,,,,,,,,,,,,
1174,Arson,false,Free Folk,Arson Iceaxe,,,,,,3,,,,,,,,,,,,,,,,,,,,,,,,,,,,,,,,,,,,,,,,,,,,,,,,,,,,,,,,,
1175,Arya Flint,true,Northern mountain clans,,,,,,917,11,,129,,,,,,,,,,,,,,,,,,,,,,,,,,362,,,,,,,,,,,,,,,,,,,,,,,,,,,,,
1176,Assadora,true,Ibbenese,Assadora of Ibben,At Ibben,,,,,5,,,,,,,,,,,,,,,,,,,,,,,,,,,,,,,,,,,,,,,,,,,,,,,,,,,,,,,,,
1177,Aurane Waters,false,Valyrian,Bastard of Driftmark,In 277 AC or 278 AC,,,,,2,,407,3,5,8,,,,,,,Grand admiral (master of ships),Lord of the Waters,,,,,,Lord Waters,,,,,,,,,,,,,,,,,,,,,,,,,,,,,,,,,,,,,,
1178,Ayrmidon,false,Valyrian,,,,,,,1,,,,,,,,,,,,,,,,,,,,,,,,,,,,,,,,,,,,,,,,,,,,,,,,,,,,,,,,,
1179,Azor Ahai,false,Asshai,Warrior of Light,,,,,1757,2,,,3,5,8,,,,,,,,,,,,,,Son of Fire,Warrior of Fire,,,,,,,,,,,,,,,,,,,,,,,,,,,,,,,,,,,,,
1180,Azzak,false,Ghiscari,,At Meereen,,,,,8,,,,,,,,,,,,Cupbearer,,,,,,,,,,,,,,,,,,,,,,,,,,,,,,,,,,,,,,,,,,,,,
1181,Bael,false,Free Folk,Bael the Bard,,,,,,11,,,2,3,,,,,,,,King-Beyond-the-Wall,,,,,,,Sygerrik of Skagos,,,,,,,,,,,,,,,,,,,,,,,,,,,,,,,,,,,,,,
1182,Baelish,false,Braavosi,,,,,,,3,,81,,,,,,,,,,,,,,,,,,,,,,,,,,,,,,,,,,,,,,,,,,,,,,,,,,,,,,,
1183,Balaq,false,Summer Isles,Black Balaq,,,,,,8,,,,,,,,,,,,,,,,,,,,,,,,,,,,,,,,,,,,,,,,,,,,,,,,,,,,,,,,,
1184,Ballabar,false,,,,,,,,2,,317,3,5,8,,,,,,,Maester,,,,,,,,,,,,,,,,,,,,,,,,,,,,,,,,,,,,,,,,,,,,,
1185,Bandy,false,Northmen,,,,,,,2,,362,5,,,,,,,,,,,,,,,,,,,,,,,,,,,,,,,,,,,,,,,,,,,,,,,,,,,,,,
1186,Bannen,false,,,At or near White Harbor,"In 299 AC, at Craster's Keep",,,,2,,,3,,,,,,,,,,,,,,,,,,,,,,,,,,,,,,,,,,,,,,,,,,,,,,,,,,,,,,
1187,Barbara Bracken,true,,,,,,,,8,,37,,,,,,,,,,,,,,,,,,,,,,,,,,,,,,,,,,,,,,,,,,,,,,,,,,,,,,,
1188,Barra,true,,,"In 298 AC, at King's Landing","In 299 AC, at King's Landing",,,,1,,17,2,8,,,,,,,,,,,,,,,,,,,,,,,,,,,,,,,,,,,,,,,,,,,,,,,,,,,,,
1189,Barsena,true,Ghiscari,Barsena Blackhair,In 270 AC (roughly),"In 300 AC, at Meereen",,,,8,,,,,,,,,,,,,,,,,,,,,,,,,,,,,,,,,,,,,,,,,,,,,,,,,,,,,,,,,
1190,Barth,false,,,,,,,,2,,362,,,,,,,,,,,,,,,,,,,,,,,,,,,,,,,,,,,,,,,,,,,,,,,,,,,,,,,
1191,Bearded Ben,false,,,,,,,,5,,,8,,,,,,,,,,,,,,,,,,,,,,,,,,,,,,,,,,,,,,,,,,,,,,,,,,,,,,
1192,Beardless Dick,false,,,,,,,,3,,,5,,,,,,,,,,,,,,,,,,,,,,,,,,,,,,,,,,,,,,,,,,,,,,,,,,,,,,
1193,Becca,true,,,,,,,,1,,7,,,,,,,,,,,,,,,,,,,,,,,,,,,,,,,,,,,,,,,,,,,,,,,,,,,,,,,
1194,Becca,true,,Becca the Baker,,At Riverlands,,,,3,,,,,,,,,,,,,,,,,,,,,,,,,,,,,,,,,,,,,,,,,,,,,,,,,,,,,,,,,
1195,Beck,false,,,In 299 AC,At Donnelwood,,,,3,,,,,,,,,,,,Goodman,,,,,,,,,,,,,,,,,,,,,,,,,,,,,,,,,,,,,,,,,,,,,
1196,Bedwyck,false,,Giant,,,,,,2,,,3,5,8,,,,,,,,,,,,,,,,,,,,,,,,,,,,,,,,,,,,,,,,,,,,,,,,,,,,
1197,Belandra,true,,,,,,,,5,,285,,,,,,,,,,,,,,,,,,,,,,,,,,,,,,,,,,,,,,,,,,,,,,,,,,,,,,,
1198,Belaquo,false,Ghiscari,Belaquo Bonebreaker,,,,,,8,,,,,,,,,,,,,,,,,,,,,,,,,,,,,,,,,,,,,,,,,,,,,,,,,,,,,,,,,
1199,Beldecar,false,,,,,,,,3,,,,,,,,,,,,,,,,,,,,,,,,,,,,,,,,,,,,,,,,,,,,,,,,,,,,,,,,,
1200,Belis,false,,,,At King's Landing,,,,3,,,,,,,,,,,,Wisdom,,,,,,,,,,,,,,,,,,,,,,,,,,,,,,,,,,,,,,,,,,,,,
1201,Bella,true,,,"In 283 AC, at Stoney Sept",,,,,3,,,5,,,,,,,,,,,,,,,,,,,,,,,,,,,,,,,,,,,,,,,,,,,,,,,,,,,,,,
1202,Bellegere Otherys,true,Braavosi,the Black Pearl of Braavos,,,,,,11,,,5,,,,,,,,,,,,,,,,,,,,,,,,,,,,,,,,,,,,,,,,,,,,,,,,,,,,,,
1203,Bellegere Otherys,true,Braavosi,Black Pearl,,,,,,5,,,,,,,,,,,,,,,,,,,Brown Pearl,,,,,,,,,,,,,,,,,,,,,,,,,,,,,,,,,,,,,,
1204,Bellonara Otherys,true,Braavosi,Black Pearl of Braavos,,,,,,5,,,,,,,,,,,,,,,,,,,,,,,,,,,,,,,,,,,,,,,,,,,,,,,,,,,,,,,,,
1205,Belwas,false,Meereenese,Strong Belwas,,,,,,2,,378,3,5,8,,,,,,,,,,,,,,Belwas the Strong,,,,,,,,,,,,,,,,,,,,,,,,,,,,,,,,,,,,,,
1206,Ben,false,,,"In 293 AC or 294 AC, at the riverlands",,,,,5,,,,,,,,,,,,,,,,,,,,,,,,,,,,,,,,,,,,,,,,,,,,,,,,,,,,,,,,,
1207,Ben,false,,Ben Blackthumb,,,,,,2,,427,5,,,,,,,,,,,,,,,,,,,,,,,,,229,,,,,,,,,,,,,,,,,,,,,,,,,,,,,
1208,Ben,false,,Ben Bones,,,,,,8,,34,,,,,,,,,,,,,,,,,,,,,,,,,,,,,,,,,,,,,,,,,,,,,,,,,,,,,,,
1209,Benedict,false,,,,,,,,5,,,,,,,,,,,,Archmaester,,,,,,,,,,,,,,,,,,,,,,,,,,,,,,,,,,,,,,,,,,,,,
1210,Bennet,false,,,,,,,,5,,,,,,,,,,,,Septon,,,,,,,,,,,,,,,,,,,,,,,,,,,,,,,,,,,,,,,,,,,,,
1211,Beqqo,false,Braavosi,,,,,,,5,,,,,,,,,,,,,,,,,,,,,,,,,,,,,,,,,,,,,,,,,,,,,,,,,,,,,,,,,
1212,Bess Bracken,true,,,,,,,,8,,37,,,,,,,,,,,,,,,,,,,,,,,,,,,,,,,,,,,,,,,,,,,,,,,,,,,,,,,
1213,Bessa,true,,,,At Hag's Mire,,,,3,,,,,,,,,,,,,,,,,,,,,,,,,,,,,,,,,,,,,,,,,,,,,,,,,,,,,,,,,
1214,Bessa,true,Northmen,,,,,,,1,,,,,,,,,,,,,,,,,,,,,,,,,,,,,,,,,,,,,,,,,,,,,,,,,,,,,,,,,
1215,Bethany,true,Braavosi,Blushing Bethany,,,,,,5,,,,,,,,,,,,,,,,,,,,,,,,,,,,,,,,,,,,,,,,,,,,,,,,,,,,,,,,,
1216,Bethany Fair-Fingers,true,,,,,,,,3,,,,,,,,,,,,,,,,,,,,,,,,,,,,,,,,,,,,,,,,,,,,,,,,,,,,,,,,,
1217,Betharios,true,,Betharios of Braavos,,,,,1004,2,,143,3,5,,,,,,,,,,,,,,,,,,,,,,,,,,,,,,,,,,,,,,,,,,,,,,,,,,,,,
1218,Bhakaz zo Loraq,false,Ghiscari,,At Meereen,,,,,8,,,,,,,,,,,,Cupbearer,,,,,,,,,,,,,,,,,,,,,,,,,,,,,,,,,,,,,,,,,,,,,
1219,Bharbo,false,Dothraki,,,,,,,1,,,,,,,,,,,,Khal,,,,,,,,,,,,,,,,,,,,,,,,,,,,,,,,,,,,,,,,,,,,,
1220,Big Belly Ben,false,,Big Belly Ben,,,,,,3,,,,,,,,,,,,,,,,,,,,,,,,,,,,,,,,,,,,,,,,,,,,,,,,,,,,,,,,,
1221,Big Boil,false,Free Folk,,,,,,,3,,,5,,,,,,,,,,,,,,,,,,,,,,,,,,,,,,,,,,,,,,,,,,,,,,,,,,,,,,
1222,Biter,false,,,,"In 300 AC, at the inn at the crossroads",,,,2,Unknown extra,,3,5,,,Season 1,Season 2,Season 4,,,,,,,,,,,,,,,,,,,,,,,,,,,,,,,,,,,,,,,,,,,,Gerard Jordan,,,,
1223,Black Bernarr,false,,,,,,,,3,,,5,8,,,,,,,,,,,,,,,,,,,,,,,,,,,,,,,,,,,,,,,,,,,,,,,,,,,,,
1224,Blane,false,,,,,,,,2,,,3,,,,,,,,,,,,,,,,,,,,,,,,,,,,,,,,,,,,,,,,,,,,,,,,,,,,,,
1225,Bloodbeard,false,,,,,,,,8,,,,,,,,,,,,,,,,,,,,,,,,,,,,,,,,,,,,,,,,,,,,,,,,,,,,,,,,,
1226,Bluetooth,false,Ironborn,,,,,,,2,,169,5,,,,,,,,,,,,,,,,,,,,,,,,,,,,,,,,,,,,,,,,,,,,,,,,,,,,,,
1227,Bodger,false,Free Folk,,,,,,,3,,,5,,,,,,,,,,,,,,,,,,,,,,,,,,,,,,,,,,,,,,,,,,,,,,,,,,,,,,
1228,Borcas,false,,,,,,,,1,,,,,,,,,,,,,,,,,,,,,,,,,,,,,,,,,,,,,,,,,,,,,,,,,,,,,,,,,
1229,Borroq,false,Free Folk,,,,,,,8,,,,,,,,,,,,,,,,,,,,,,,,,,,,,,,,,,,,,,,,,,,,,,,,,,,,,,,,,
1230,Bors,false,,,,,,,,5,,285,,,,,,,,,,,,,,,,,,,,,,,,,,,,,,,,,,,,,,,,,,,,,,,,,,,,,,,
1231,Boy,false,,,At 284 AC,,,,,3,,,5,,,,,,,,,,,,,,,,,,,,,,,,,,,,,,,,,,,,,,,,,,,,,,,,,,,,,,
1232,Brea,true,Braavosi,,,,,,,5,,,,,,,,,,,,,,,,,,,,,,,,,,,,,,,,,,,,,,,,,,,,,,,,,,,,,,,,,
1233,Brella,true,,,,,,,,3,,17,5,,,,,,,,,,,,,,,,,,,,,,,,,229,,,,,,,,,,,,,,,,,,,,,,,,,,,,,
1234,Brenett,false,,,,,,,,3,,143,,,,,,,,,,Maester,,,,,,,,,,,,,,,,,,,,,,,,,,,,,,,,,,,,,,,,,,,,,
1235,Briar,false,Free Folk,,,,,,,8,,,,,,,,,,,,,,,,,,,,,,,,,,,,,,,,,,,,,,,,,,,,,,,,,,,,,,,,,
1236,Brogg,false,Free Folk,,,,,,,8,,,,,,,,,,,,,,,,,,,,,,,,,,,,,,,,,,,,,,,,,,,,,,,,,,,,,,,,,
1237,Brown Bernarr,false,,,,"In 299 AC, at Fist of the First Men",,,,2,,,3,,,,,,,,,,,,,,,,,,,,,,,,,,,,,,,,,,,,,,,,,,,,,,,,,,,,,,
1238,Brusco,false,Braavosi,Big Brusco,,,,,,5,,,8,,,,,,,,,,,,,,,,,,,,,,,,,,,,,,,,,,,,,,,,,,,,,,,,,,,,,,
1239,Bryan of Oldtown,false,Reach,,At Oldtown,,,,,11,,,,,,,,,,,,,,,,,,,,,,,,,,,,,,,,,,,,,,,,,,,,,,,,,,,,,,,,,
1240,Bryen,false,,,In or before 220 AC,,,,,3,,11,,,,,,,,,,,,,,,,,,,,,,,,,,,,,,,,,,,,,,,,,,,,,,,,,,,,,,,
1241,Brynden Blackwood,false,,,,,,,,8,,27,,,,,,,,,,,,,,,,,,,,,,,,,,,,,,,,,,,,,,,,,,,,,,,,,,,,,,,
1242,Brynden Rivers,false,Valyrian,Lord Bloodraven,"In 175 AC, at King's Landing","In 252 AC(presumed), at beyond the Wall",,,,11,Struan Rodger,378,6,7,5,8,Season 4,Season 6,,,,Ser,Hand of the King,Lord Commander of the Night's Watch,,,,,The three-eyed crow,,,,,,,,,,,,,,,,,,,,,,,,,,,,,,,,,,Max Von Sydow,,,,
1243,Bump,false,Free Folk,,,,,,,8,,,,,,,,,,,,,,,,,,,,,,,,,,,,,,,,,,,,,,,,,,,,,,,,,,,,,,,,,
1244,Butterbumps,false,,Butterbumps,,,,,,2,,398,3,5,8,,,,,,,,,,,,,,,,,,,,,,,,,,,,,,,,,,,,,,,,,,,,,,,,,,,,
1245,Buu,true,,,,,,,,1,,,,,,,,,,,,,,,,,,,,,,,,,,,,,,,,,,,,,,,,,,,,,,,,,,,,,,,,,
1246,Byam Flint,false,,,,"In 299 AC, at Craster's Keep",,,,3,,,,,,,,,,,,Ser,,,,,,,,,,,,,,,,,,,,,,,,,,,,,,,,,,,,,,,,,,,,,
1247,Byan Votyris,false,Norvoshi,,,,,,,1,,,,,,,,,,,,,,,,,,,,,,,,,,,,,,,,,,,,,,,,,,,,,,,,,,,,,,,,,
1248,Byren Flowers,false,,Black Byren Flowers,,,,,,6,,,,,,,,,,,,Ser,,,,,,,,,,,,,,,,,,,,,,,,,,,,,,,,,,,,,,,,,,,,,
1249,Byron,false,,Byron the Beautiful,,,,,,5,,11,8,,,,,,,,,Ser,,,,,,,,,,,,,,,,,,,,,,,,,,,,,,,,,,,,,,,,,,,,,
1250,Cadwyl,false,Ironborn,,,,,,,2,,169,3,,,,,,,,,,,,,,,,,,,,,,,,,,,,,,,,,,,,,,,,,,,,,,,,,,,,,,
1251,Cadwyn,false,,,,,,,,2,,229,,,,,,,,,,Ser,,,,,,,,,,,,,,,,,,,,,,,,,,,,,,,,,,,,,,,,,,,,,
1252,Cafferen,false,,,,"In 282 AC, at Ashford",,,,3,,58,,,,,,,,,,Lord,,,,,,,,,,,,,,,,,,,,,,,,,,,,,,,,,,,,,,,,,,,,,
1253,Caleotte,false,,,,,,,,1,Colin Azzopardi,285,2,3,5,8,Season 6,,,,,Maester,,,,,,,,,,,,,,,,,,,,,,,,,,,,,,,,,,,,,,,,,,,,,
1254,Calon,false,Northmen,,,,,,,2,,362,,,,,,,,,,,,,,,,,,,,,,,,,,,,,,,,,,,,,,,,,,,,,,,,,,,,,,,
1255,Camarron,false,Ghiscari,Camarron of the Count,,At Meereen,,,,8,,,,,,,,,,,,,,,,,,,,,,,,,,,,,,,,,,,,,,,,,,,,,,,,,,,,,,,,,
1256,Carrot,false,,,,,,,,5,,329,,,,,,,,,,,,,,,,,,,,,,,,,,,,,,,,,,,,,,,,,,,,,,,,,,,,,,,
1257,Cass,true,,,,,,,,3,,,5,,,,,,,,,,,,,,,,,,,,,,,,,,,,,,,,,,,,,,,,,,,,,,,,,,,,,,
1258,Castos,false,,,,,,,,5,,,,,,,,,,,,Archmaester,,,,,,,,,,,,,,,,,,,,,,,,,,,,,,,,,,,,,,,,,,,,,
1259,Catelyn Bracken,true,,,,,,,,8,,37,,,,,,,,,,,,,,,,,,,,,,,,,,,,,,,,,,,,,,,,,,,,,,,,,,,,,,,
1260,Cayn,false,Northmen,,,"In 298 AC, at King's Landing",,,,1,,362,2,,,,,,,,,,,,,,,,,,,,,,,,,,,,,,,,,,,,,,,,,,,,,,,,,,,,,,
1261,Cedra,true,,,,,,,,5,,285,,,,,,,,,,,,,,,,,,,,,,,,,,,,,,,,,,,,,,,,,,,,,,,,,,,,,,,
1262,Cellador,false,,,,,,,,1,,,2,3,5,8,,,,,,Septon,,,,,,,,,,,,,,,,,,,,,,,,,,,,,,,,,,,,,,,,,,,,,
1263,Cerrick,false,Ironborn,The Grey Pup,,,,,,6,,419,,,,,,,,,,Maester,,,,,,,,,,,,,,,,,,,,,,,,,,,,,,,,,,,,,,,,,,,,,
1264,Cetheres,false,,,,,,,,5,,,,,,,,,,,,Archmaester,,,,,,,,,,,,,,,,,,,,,,,,,,,,,,,,,,,,,,,,,,,,,
1265,Chataya,true,Summer Isles,,,,,,,1,,,2,3,,,,,,,,,,,,,,,,,,,,,,,,,,,,,,,,,,,,,,,,,,,,,,,,,,,,,
1266,Chella daughter of Cheyk,true,Mountain clans,,,,,,,1,,,2,3,,,Season 1,,,,,,,,,,,,,,,,,,,,,,,,,,,,,,,,,,,,,,,,,,,,,,,,,,
1267,Chett,false,,,At Hag's Mire,"In 299 AC, at Fist of the First Men",,,,1,,,2,,,,,,,,,,,,,,,,,,,,,,,,,,,,,,,,3,,,,,,,,,,,,,,,,,,,,,,
1268,Cheyk,true,,,,,,,,1,,,2,8,,,,,,,,,,,,,,,,,,,,,,,,,,,,,,,,,,,,,,,,,,,,,,,,,,,,,
1269,Chiggen,false,,,,"In 298 AC, at Mountains of the Moon",,,,1,,,,,,,,,,,,,,,,,,,,,,,,,,,,,,,,,,,,,,,,,,,,,,,,,,,,,,,,,
1270,Chiswyck,false,,,,"In 299 AC, at Harrenhal",,,,2,,72,3,,,,,,,,,,,,,,,,,,,,,,,,,,,,,,,,,,,,,,,,,,,,,,,,,,,,,,
1271,Clarence Crabb,false,,,,,,,,5,,85,,,,,,,,,,Ser,,,,,,,,,,,,,,,,,,,,,,,,,,,,,,,,,,,,,,,,,,,,,
1272,Clegane,false,,,,,,,,2,,72,,,,,,,,,,Ser,Knight of Clegane's Keep,,,,,,,,,,,,,,,229,,,,,,,,,,,,,,,,,,,,,,,,,,,,,
1273,Clement,false,,,In 251 AC or 252 AC,,,,,5,,,,,,,,,,,,Brother,,,,,,,,,,,,,,,,,,,,,,,,,,,,,,,,,,,,,,,,,,,,,
1274,Cleon,false,Astapori,Cleon the Great,,"In 300 AC, at Astapor",,,,3,,,5,8,,,,,,,,King of Astapor,,,,,,,The Butcher King,King Cleaver,,,,,,,,,,,,,,,,,,,,,,,,,,,,,,,,,,,,,
1275,Cleos Frey,false,,,"In or between 258 AC and 275 AC, at Casterly Rock","In 299 AC, at Riverlands",,,550,1,,143,2,3,5,8,,,,,,Ser,,,,,,,,,,,,,,,,229,,,,,,,,,,,,,,,,,,,,,,,,,,,,,
1276,Clifford Conklyn,false,,,,,,,,6,,79,,,,,,,,,,Ser,,,,,,,,,,,,,,,,,,,,,,,,,,,,,,,,,,,,,,,,,,,,,
1277,Clydas,false,,,In 240 AC or before,,,,,1,,,2,3,5,8,,,,,,,,,,,,,,,,,,,,,,,,,,,,,,,,,,,,,,,,,,,,,,,,,,,
1278,Cohollo,false,Dothraki,,,"In 298 AC, at Dothraki sea",,,,1,,,,,,,,,,,,Ko,Bloodrider of Khal Drogo,,,,,,,,,,,,,,,,,,,,,,,,,,,,,,,,,,,,,,,,,,,,
1279,Coldhands,false,,,,,,,,3,,,5,8,,,,,,,,,,,,,,,,,,,,,,,,,,,,,,,,,,,,,,,,,,,,,,,,,,,,,
1280,Colemon,false,,,,,,,,1,,7,2,3,5,8,,,,,,Maester,,,,,,,,,,,,,,,,,,,,,,,,,,,,,,,,,,,,,,,,,,,,,
1281,Collio Quaynis,false,Tyroshi,,,,,,,3,,,,,,,,,,,,,,,,,,,,,,,,,,,,,,,,,,,,,,,,,,,,,,,,,,,,,,,,,
1282,Conn son of Coratt,false,,,,"In 298 AC, at Green Fork of the river Trident, the Riverlands",,,,1,,,,,,,,,,,,,,,,,,,,,,,,,,,,,,,,,,,,,,,,,,,,,,,,,,,,,,,,,
1283,Conwy,false,,,,,,,,2,,,3,5,8,,,,,,,,,,,,,,,,,,,,,,,,,,,,,,,,,,,,,,,,,,,,,,,,,,,,
1284,Coratt,false,,,,,,,,1,,,,,,,,,,,,,,,,,,,,,,,,,,,,,,,,,,,,,,,,,,,,,,,,,,,,,,,,,
1285,Corliss Penny,false,,,,,,,,5,,15,8,,,,,,,,,Ser,,,,,,,,,,,,,,,,,,,,,,,,,,,,,,,,,,,,,,,,,,,,,
1286,Corlos,false,First Men,Corlos son of Caster,In Age of Heroes,,,,,11,,62,,,,,,,,,,Lord of Casterly Rock,,,,,,,,,,,,,,,,,,,,,,,,,,,,,,,,,,,,,,,,,,,,,
1287,Cosgrove,false,,,,,,,,7,,55,,,,,,,,,,Steward,,,,,,,,,,,,,,,,,,,,,,,,,,,,,,,,,,,,,,,,,,,,,
1288,Cossomo,false,Braavosi,Cossomo The Conjurer,,,,,,5,,,,,,,,,,,,,,,,,,,,,,,,,,,,,,,,,,,,,,,,,,,,,,,,,,,,,,,,,
1289,Cotter Pyke,false,Ironborn,,,,,,,1,,,2,3,5,8,,,,,,Commander of Eastwatch-by-the-Sea,,,,,,,,,,,,,,,,,,,,,,,,,,,,,,,,,,,,,,,,,,,,,
1290,Courteny Greenhill,false,,,,,,,,5,,,,,,,,,,,,Ser,,,,,,,,,,,,,,,,,,,,,,,,,,,,,,,,,,,,,,,,,,,,,
1291,Craghas Drahar,false,Myrish,Craghas Crabfeeder,,In 108 AC,,,,10,,,,,,,,,,,,,,,,,,,,,,,,,,,,,,,,,,,,,,,,,,,,,,,,,,,,,,,,,
1292,Cragorn,false,,,,In 300 AC,,,,5,,169,8,,,,,,,,,,,,,,,,,,,,,,,,,,,,,,,,,,,,,,,,,,,,,,,,,,,,,,
1293,Craster,false,Free Folk,,,"In 299 AC, at Craster's Keep",,,,2,Robert Pugh,,3,5,8,,Season 2,Season 3,,,,,,,,,,,,,,,,,,,,,,,,,,,,,,,,,,,,,,,,,,,,,,,,,
1294,Crawn son of Calor,false,Mountain clans,,,,,,,2,,,,,,,,,,,,,,,,,,,,,,,,,,,,,,,,,,,,,,,,,,,,,,,,,,,,,,,,,
1295,Cressen,false,,,In 219 AC or 220 AC,"In 299 AC, at Dragonstone",,,,3,Oliver Ford,,5,,,,Season 2,,,,,Maester,,,,,,,,,,,,,,,,,,,,,,,2,,,,,,,,,,,,,,,,,,,,,,
1296,Cuger,false,,,,,,,,1,,,2,3,5,8,,,,,,,,,,,,,,,,,,,,,,,,,,,,,,,,,,,,,,,,,,,,,,,,,,,
1297,Cutjack,false,,,,,,,,2,,,,,,,,,,,,,,,,,,,,,,,,,,,,,,,,,,,,,,,,,,,,,,,,,,,,,,,,,
1298,Daario Naharis,false,Tyroshi,,,,,,,3,Ed Skrein,,5,8,,,Season 3,Season 4,Season 5,Season 6,,,,,,,,,,,,,,,,,,,,,,,,,,,,,,,,,,,,,,,,,,,Michiel Huisman,,,,
1299,Dacks,false,,,,,,,,1,,316,,,,,,,,,,,,,,,,,,,,,,,,,,,,,,,,,,,,,,,,,,,,,,,,,,,,,,,
1300,Daegon Shepherd,false,Ironborn,The Black Shepherd,,,,,,5,,348,,,,,,,,,,,,,,,,,,,,,,,,,,,,,,,,,,,,,,,,,,,,,,,,,,,,,,,
1301,Daemon Sand,false,Dornish,Bastard of Godsgrace,In 275 or 276 AC,,,,,3,,2,5,8,,,Season 4,,,,,Ser,,,,,,,,,,,,,,,,,,,,,,,,,,,,,,,,,,,,,,,,,,,,,
1302,Daenaera Velaryon,true,Valyrian,,In 127 AC,,,,40,,,407,,,,,,,,,,Queen,,,,,,,,,,,,,,,,378,,,,,,,,,,,,,,,,,,,,,,,,,,,,,
1303,Daenerys Targaryen,true,Valyrian,Dany,"In 284 AC, at Dragonstone",,,,1346,5,Emilia Clarke,378,,,,,Season 1,Season 2,Season 3,Season 4,Season 5,"Queen of the Andals and the Rhoynar and the First Men, Lord of the Seven Kingdoms",Khaleesi of the Great Grass Sea,Breaker of Shackles/Chains,Queen of Meereen,Princess of Dragonstone,,,Daenerys Stormborn,The Unburnt,Mother of Dragons,Mother,,,,,,,,,,,,,1,,Mhysa,The Silver Queen,Silver Lady,Dragonmother,The Dragon Queen,The Mad King's daughter,,,,,,2,3,8,,Season 6,,,,,
1304,Daeryssa,true,,,,,,,,1,,,,,,,,,,,,Princess,,,,,,,,,,,,,,,,,,,,,,,,,,,,,,,,,,,,,,,,,,,,,
1305,Dafyn Vance,false,,,,,,,693,2,,,3,5,,,,,,,,Ser,,,,,,,,,,,,,,,,,,,,,,,,,,,,,,,,,,,,,,,,,,,,,
1306,Dagmer,false,Ironborn,Dagmer Cleftjaw,,,,,,2,Ralph Ineson,169,5,8,,,Season 2,,,,,Captain of Foamdrinker,,,,,,,,,,,,,,,,,,,,,,,,,,,,,,,,,,,,,,,,,,,,,
1307,Dagon Ironmaker,false,Ironborn,,,,,,,5,,210,,,,,,,,,,,,,,,,,,,,,,,,,,,,,,,,,,,,,,,,,,,,,,,,,,,,,,,
1308,Dake,false,,,,At Coldmoat,,,,6,,291,,,,,,,,,,,,,,,,,,,,,,,,,,,,,,,,,,,,,,,,,,,,,,,,,,,,,,,
1309,Dake,false,,,,,,,,5,,229,,,,,,,,,,,,,,,,,,,,,,,,,,,,,,,,,,,,,,,,,,,,,,,,,,,,,,,
1310,Dale Seaworth,false,,,,"In 299 AC, at Blackwater Rush",,,,2,,340,3,5,8,,,,,,,Captain of the Wraith,,,,,,,,,,,,,,,,,,,,,,,,,,,,,,,,,,,,,,,,,,,,,
1311,Dalla,true,Free Folk,,,"In 300 AC, at Near Castle Black",,,,3,,,5,8,,,,,,,,,,,,,,,,,,,,,,,,,,,,,,,,,,,,,,,,,,,,,,,,,,,,,
1312,Dalla,true,,,,,,,,2,,15,,,,,,,,,,,,,,,,,,,,,,,,,,,,,,,,,,,,,,,,,,,,,,,,,,,,,,,
1313,Damon,false,,Damon Dance-for-Me,,,,,,8,,34,,,,,,,,,,,,,,,,,,,,,,,,,,,,,,,,,,,,,,,,,,,,,,,,,,,,,,,
1314,Dan,false,Free Folk,Hempen Dan,,,,,,3,,,,,,,,,,,,,,,,,,,,,,,,,,,,,,,,,,,,,,,,,,,,,,,,,,,,,,,,,
1315,Dancy,true,,,,,,,,2,,,3,5,8,,,,,,,,,,,,,,,,,,,,,,,,,,,,,,,,,,,,,,,,,,,,,,,,,,,,
1316,Danny Flint,false,Northmen,,,,,,,3,,,8,,,,,,,,,,,,,,,,,,,,,,,,,,,,,,,,,,,,,,,,,,,,,,,,,,,,,,
1317,Dareon,false,,The Black Singer Lover,,"In 300 AC, at Braavos",,,,1,,,2,3,5,8,,,,,,,,,,,,,,,,,,,,,,,,,,,,,,,,,,,,,,,,,,,,,,,,,,,
1318,Darla Deddings,true,,,,,,,,9,,100,,,,,,,,,,Lady,,,,,,,,,,,,,,,,,,,,,,,,,,,,,,,,,,,,,,,,,,,,,
1319,Davos Seaworth,false,Westeros,Onion Knight,"In 260 AC or before, at King's Landing",,,,1676,5,Liam Cunningham,340,,,,,Season 2,Season 3,Season 4,Season 5,Season 6,Ser,Lord of the Rainwood,Admiral of the Narrow Sea,Hand of the King,,,,Davos Shorthand,Ser Onions,Onion Lord,Smuggler,,,,,,15,,,,,,,2,,,,,,,,,,,,,3,8,,,,,,,,
1320,Del,false,Free Folk,,In 283 AC (roughly),"In 299 AC, at Queenscrown",,,,3,,,5,,,,,,,,,,,,,,,,,,,,,,,,,,,,,,,,,,,,,,,,,,,,,,,,,,,,,,
1321,Delp,false,,,,"In 299 AC, at Riverrun",,,,2,,395,3,5,8,,,,,,,,,,,,,,,,,,,,,,,,,,,,,,,,,,,,,,,,,,,,,,,,,,,,
1322,Denestan,false,,,,,,,,5,,,,,,,,,,,,Maester,,,,,,,,,,,,,,,,,,,,,,,,,,,,,,,,,,,,,,,,,,,,,
1323,Dennett,false,,,,,,,,3,,,,,,,,,,,,,,,,,,,,,,,,,,,,,,,,,,,,,,,,,,,,,,,,,,,,,,,,,
1324,Denyo Terys,false,Braavosi,,In 287 AC or 288 AC,,,,,5,,,,,,,,,,,,,,,,,,,,,,,,,,,,,,,,,,,,,,,,,,,,,,,,,,,,,,,,,
1325,Dermot,false,,Dermot of the Rainwood,,,,,,2,,15,3,5,,,,,,,,Ser,,,,,,,,,,,,,,,,16,,,,,,,,,,,,,,,,,,,,,,,,,,,,,
1326,Desmond,false,,,,"In 298 AC, at King's Landing",,,,1,,362,2,8,,,,,,,,,,,,,,,,,,,,,,,,,,,,,,,,,,,,,,,,,,,,,,,,,,,,,
1327,Devyn,false,Free Folk,Devyn Sealskinner,,,,,,8,,,,,,,,,,,,,,,,,,,,,,,,,,,,,,,,,,,,,,,,,,,,,,,,,,,,,,,,,
1328,Dhazzar,true,Ghiscari,The dancer,At Meereen,,,,,8,,,,,,,,,,,,Cupbearer,,,,,,,,,,,,,,,,,,,,,,,,,,,,,,,,,,,,,,,,,,,,,
1329,Dick,false,,Yellow Dick,,"In 300 AC, at Winterfell",,,,8,,34,,,,,,,,,,,,,,,,,,,,,,,,,,,,,,,,,,,,,,,,,,,,,,,,,,,,,,,
1330,Dick Crabb,false,,Nimble Dick,,"In 300 AC, at the Whispers",,,,5,,85,,,,,,,,,,,,,,,,,,,,,,,,,,,,,,,,,,,,,,,,,,,,,,,,,,,,,,,
1331,Dirk,false,,,,"In 300 AC, at Beyond the Wall",,,,3,,,5,8,,,,,,,,,,,,,,,,,,,,,,,,,,,,,,,,,,,,,,,,,,,,,,,,,,,,,
1332,Dobber,false,,,,"In 299 AC, at Gods Eye",,,,2,,,,,,,,,,,,,,,,,,,,,,,,,,,,,,,,,,,,,,,,,,,,,,,,,,,,,,,,,
1333,Dolf son of Holger,false,,,,,,,,1,,,2,8,,,,,,,,,,,,,,,,,,,,,,,,,,,,,,,,,,,,,,,,,,,,,,,,,,,,,
1334,Donnel Hill,false,,Sweet Donnel Hill,,,,,,3,,,5,8,,,,,,,,,,,,,,,,,,,,,,,,,,,,,,,,,,,,,,,,,,,,,,,,,,,,,
1335,Donnel Waynwood,false,,,In 277 AC or 278 AC,,,,,1,,417,2,3,5,8,,,,,,Ser,Knight of the Gate,,,,,,,,,,,,,,,,,,,,,,,,,,,,,,,,,,,,,,,,,,,,
1336,Donnis,false,Northmen,,,,,,,1,,362,,,,,,,,,,,,,,,,,,,,,,,,,,,,,,,,,,,,,,,,,,,,,,,,,,,,,,,
1337,Donyse,true,,,,,,,,3,,,,,,,,,,,,Septa,,,,,,,,,,,,,,,,,,,,,,,,,,,,,,,,,,,,,,,,,,,,,
1338,Dorcas,true,,,,,,,,5,,229,,,,,,,,,,,,,,,,,,,,,,,,,,,,,,,,,,,,,,,,,,,,,,,,,,,,,,,
1339,Dorea Sand,true,Dornish,,In 291 AC or 292 AC,,,,,5,,285,8,,,,,,,,,,,,,,,,,,,,,,,,,,,,,,,,,,,,,,,,,,,,,,,,,,,,,,
1340,Doreah,true,Lysene,,In 278 or 279 AC,"In 299 AC, at Red waste",,,,1,Roxanne McKee,378,2,8,,,Season 1,Season 2,,,,,,,,,,,,,,,,,,,,,,,,,,,,,,,,,,,,,,,,,,,,,,,,,
1341,Dormund,false,Free Folk,,,"In 300 AC, at The Wall",,,,3,,,5,8,,,,,,,,,,,,,,,,,,,,,,,,,,,,,,,,,,,,,,,,,,,,,,,,,,,,,
1342,Dornish Dilly,false,,,,"In 299 AC, at Castle Black",,,,3,,,,,,,,,,,,,,,,,,,,,,,,,,,,,,,,,,,,,,,,,,,,,,,,,,,,,,,,,
1343,Doss,false,Free Folk,Blind Doss,,,,,,8,,,,,,,,,,,,,,,,,,,,,,,,,,,,,,,,,,,,,,,,,,,,,,,,,,,,,,,,,
1344,Draqaz,false,Ghiscari,,At Meereen,,,,,8,,,,,,,,,,,,Cupbearer,,,,,,,,,,,,,,,,,,,,,,,,,,,,,,,,,,,,,,,,,,,,,
1345,Drennan,false,Ironborn,,,"In 299 AC, at Winterfell",,,,2,David Coakley,169,,,,,Season 2,,,,,,,,,,,,,,,,,,,,,,,,,,,,,,,,,,,,,,,,,,,,,,,,,,
1346,Drogo,false,Dothraki,Great Rider,In or around 267 AC,"In 298 AC, at Dothraki sea",,,1303,1,Jason Momoa,,2,3,8,,Season 1,Season 2,,,,Khal,,,,,,,Great Khal,,,,,,,,,,,,,,,,,,,,,,,,,,,,,,,,,,,,,,
1347,Dryn,false,Free Folk,,,,,,,3,,,5,8,,,,,,,,,,,,,,,,,,,,,,,,,,,,,,,,,,,,,,,,,,,,,,,,,,,,,
1348,Dudley,false,,,,,,,,3,,,,,,,,,,,,Ser,,,,,,,,,,,,,,,,,,,,,,,,,,,,,,,,,,,,,,,,,,,,,
1349,Dunaver,false,,,,,,,,2,,229,,,,,,,,,,Ser,,,,,,,,,,,,,,,,,,,,,,,,,,,,,,,,,,,,,,,,,,,,,
1350,Dunsen,false,,,,,,,,2,,72,3,5,8,,,,,,,,,,,,,,,,,,,,,,,,,,,,,,,,,,,,,,,,,,,,,,,,,,,,
1351,Dyah,true,Free Folk,,,,,,1293,3,,,5,,,,,,,,,,,,,,,,,,,,,,,,,,,,,,,,,,,,,,,,,,,,,,,,,,,,,,
1352,Dywen,false,,,,,,,,1,,,2,3,5,8,,,,,,,,,,,,,,,,,,,,,,,,,,,,,,,,,,,,,,,,,,,,,,,,,,,
1353,Easy,false,,,,"In 300 AC, at Castle Black",,,,3,,,,,,,,,,,,,,,,,,,,,,,,,,,,,,,,,,,,,,,,,,,,,,,,,,,,,,,,,
1354,Ebrose,false,,,,,,,,11,,,5,,,,,,,,,Archmaester,,,,,,,,,,,,,,,,,,,,,,,,,,,,,,,,,,,,,,,,,,,,,
1355,Edric Storm,false,,,In 287 AC,,,,,1,,17,2,3,5,8,,,,,,,,,,,,,,,,,,,,,,,,,,,,,,,,,,,,,,,,,,,,,,,,,,,
1356,Eggon,false,,,,,,,,2,,72,,,,,,,,,,,,,,,,,,,,,,,,,,,,,,,,,,,,,,,,,,,,,,,,,,,,,,,
1357,Egon Emeros,false,Qartheen,Egon Emeros the Exquisite,,,,,,2,,,8,,,,,,,,,,,,,,,,,,,,,,,,,,,,,,,,,,,,,,,,,,,,,,,,,,,,,,
1358,Elaena Targaryen,true,Valyrian,,In 150 AC,In or after 220 AC,,,803,11,,378,3,5,8,,,,,,,Princess,,,,,,,,,,,,,,,,303,,,,,,,,300,,,,,,,,,,,,,,,,,,,,,257
1359,Elder Brother,false,,,In 255 AC or 256 AC,,,,,5,,,,,,,,,,,,Elder Brother,Ser,,,,,,,,,,,,,,,,,,,,,,,,,,,,,,,,,,,,,,,,,,,,
1360,Eldiss,false,Ironborn,,,,,,,2,,,,,,,,,,,,,,,,,,,,,,,,,,,,,,,,,,,,,,,,,,,,,,,,,,,,,,,,,
1361,Elenei,true,,,In Age of Heroes,,,,333,2,,109,,,,,,,,,,,,,,,,,,,,,,,,,,,,,,,,,,,,,,,,,,,,,,,,,,,,,,,
1362,Elia Sand,true,Dornish,El,In 285 AC or 286 AC,,,,,3,,285,5,8,,,,,,,,,,,,,,,Lady Lance,,,,,,,,,,,,,,,,,,,,,,,,,,,,,,,,,,,,,,
1363,Elron,false,,,,,,,,2,,,3,5,8,,,,,,,,,,,,,,,,,,,,,,,,,,,,,,,,,,,,,,,,,,,,,,,,,,,,
1364,Elwood,false,,,,"In 299 AC, at Riverrun",,,,3,,395,5,8,,,,,,,,,,,,,,,,,,,,,,,,,,,,,,,,,,,,,,,,,,,,,,,,,,,,,
1365,Elza,true,Meereenese,Ella,,"In 294 AC, at Meereen",,,,8,,,,,,,,,,,,,,,,,,,,,,,,,,,,,,,,,,,,,,,,,,,,,,,,,,,,,,,,,
1366,Emma,true,,,In 260 AC or before,,,,,5,,,,,,,,,,,,,,,,,,,,,,,,,,,,,,,,,,,,,,,,,,,,,,,,,,,,,,,,,
1367,Emmett,false,,Iron Emmett,,,,,,3,,,5,8,,,,,,,,,,,,,,,,,,,,,,,,,,,,,,,,,,,,,,,,,,,,,,,,,,,,,
1368,Emmond,false,Ironborn,,,,,,,5,,,,,,,,,,,,,,,,,,,,,,,,,,,,,,,,,,,,,,,,,,,,,,,,,,,,,,,,,
1369,Emrick,false,,,At Fair Isle,,,,,3,,,5,8,,,,,,,,,,,,,,,,,,,,,,,,,,,,,,,,,,,,,,,,,,,,,,,,,,,,,
1370,Endehar,false,,,,,,,,2,,,,,,,,,,,,,,,,,,,,,,,,,,,,,,,,,,,,,,,,,,,,,,,,,,,,,,,,,
1371,Enger,false,,,,,,,,2,,395,,,,,,,,,,,,,,,,,,,,,,,,,,,,,,,,,,,,,,,,,,,,,,,,,,,,,,,
1372,Erik Ironmaker,false,Ironborn,Erik the Just,In 211 AC or 212 AC,,,,150,5,,210,8,,,,,,,,,Lord Steward of the Iron Islands,Castellan of Pyke,,,,,,Erik Anvil-Breaker,,,,,,,,,169,,,,,,,,,,,,,,,,,,,,,,,,,,,,,
1373,Eroeh,true,Lhazareen,,,"In 298 AC, at Dothraki Sea",,,,1,,,2,8,,,,,,,,,,,,,,,,,,,,,,,,,,,,,,,,,,,,,,,,,,,,,,,,,,,,,
1374,Erreck,false,,,,,,,,3,,,,,,,,,,,,Maester,,,,,,,,,,,,,,,,,,,,,,,,,,,,,,,,,,,,,,,,,,,,,
1375,Erreg,false,Andal,Erreg the Kinslayer,,,,,,11,,,3,,,,,,,,,King,,,,,,,,,,,,,,,,,,,,,,,,,,,,,,,,,,,,,,,,,,,,,
1376,Errok,false,Free Folk,,,,,,,3,,,5,,,,,,,,,,,,,,,,,,,,,,,,,,,,,,,,,,,,,,,,,,,,,,,,,,,,,,
1377,Erryk,false,,"""Left"" or ""Right""",,,,,,3,,398,5,,,,,,,,,,,,,,,,,,,,,,,,,,,,,,,,,,,,,,,,,,,,,,,,,,,,,,
1378,Esgred,true,,,,,,,,2,,,,,,,,,,,,,,,,,,,,,,,,,,,,,,,,,,,,,,,,,,,,,,,,,,,,,,,,,
1379,Eustace,false,,,,,,,,5,,,,,,,,,,,,Septon,,,,,,,,,,,,,,,,,,,,,,,,,,,,,,,,,,,,,,,,,,,,,
1380,Eustace Brune,false,,,,,,,,5,,49,,,,,,,,,,Lord of the Dyre Den,,,,,,,,,,,,,,,,,,,,,,,,,,,,,,,,,,,,,,,,,,,,,
1381,Ezzara,true,Ghiscari,,At Meereen,,,,,8,,,,,,,,,,,,Blue Grace,,,,,,,,,,,,,,,,,,,,,,,,,,,,,,,,,,,,,,,,,,,,,
1382,Falia Flowers,true,,,"In either 281 AC, 282 AC or 283 AC",,,,,5,,194,8,,,,,,,,,,,,,,,,,,,,,,,,,,,,,,,,,,,,,,,,,,,,,,,,,,,,,,
1383,Farlen,false,,,,"In 299 AC, at Winterfell",,,,1,Peter Balance,362,2,3,8,,Season 2,,,,,,,,,,,,,,,,,,,,,,,,,,,,,,,,,,,,,,,,,,,,,,,,,,
1384,Fern,true,,,,,,,,3,,,,,,,,,,,,,,,,,,,,,,,,,,,,,,,,,,,,,,,,,,,,,,,,,,,,,,,,,
1385,Ferny,true,Free Folk,,,,,,1293,3,,,5,,,,,,,,,,,,,,,,,,,,,,,,,,,,,,,,,,,,,,,,,,,,,,,,,,,,,,
1386,Ferrego Antaryon,false,Braavosi,,,,,,,5,,,8,,,,,,,,,Sealord of Braavos,,,,,,,,,,,,,,,,,,,,,,,,,,,,,,,,,,,,,,,,,,,,,
1387,Ferret,false,,,,,,,,7,,,,,,,,,,,,,,,,,,,,,,,,,,,,,,,,,,,,,,,,,,,,,,,,,,,,,,,,,
1388,Florys the Fox,true,,,,,,,,11,,,,,,,,,,,,,,,,,,,,,,,,,,,,,,,,,,,,,,,,,,,,,,,,,,,,,,,,,
1389,Fogo,false,Dothraki,,,"In 298 AC, at Dothraki sea",,,,1,,,,,,,,,,,,Khalakka,,,,,,,,,,,,,,,,,,,,,,,,,,,,,,,,,,,,,,,,,,,,,
1390,Fornio,false,,,,,,,,3,,,,,,,,,,,,,,,,,,,,,,,,,,,,,,,,,,,,,,,,,,,,,,,,,,,,,,,,,
1391,Fralegg,false,Ironborn,Fralegg the Strong,,,,,,5,,,,,,,,,,,,,,,,,,,,,,,,,,,,,,,,,,,,,,,,,,,,,,,,,,,,,,,,,
1392,Franklyn Frey,false,,,,,,,,4,,143,7,,,,,,,,,Ser,,,,,,,,,,,,,,,,,,,,,,,,,,,,,,,,,,,,,,,,,,,,,
1393,Frenken,false,,,,,,,,2,,,3,5,8,,,,,,,Maester,,,,,,,,,,,,,,,,,,,,,,,,,,,,,,,,,,,,,,,,,,,,,
1394,Frenya,true,Free Folk,,,"In 300 AC, at Winterfell",,,,8,,,,,,,,,,,,,,,,,,,,,,,,,,,,,,,,,,,,,,,,,,,,,,,,,,,,,,,,,
1395,Frynne,true,,,,,,,,5,,,,,,,,,,,,,,,,,,,,,,,,,,,,,,,,,,,,,,,,,,,,,,,,,,,,,,,,,
1396,Gage,false,,,,,,,,1,,362,2,3,,,,,,,,,,,,,,,,,,,,,,,,,,,,,,,,,,,,,,,,,,,,,,,,,,,,,
1397,Galazza Galare,true,Ghiscari,,"In 217 AC (roughly), at Meereen",,,,,8,,,,,,,,,,,,Green Grace,,,,,,,,,,,,,,,,,,,,,,,,,,,,,,,,,,,,,,,,,,,,,
1398,Galladon of Morne,false,,Perfect Knight,,,,,,5,,,11,,,,,,,,,Ser,,,,,,,,,,,,,,,,,,,,,,,,,,,,,,,,,,,,,,,,,,,,,
1399,Gallard,false,,,,,,,,5,,,11,,,,,,,,,Archmaester,,,,,,,,,,,,,,,,,,,,,,,,,,,,,,,,,,,,,,,,,,,,,
1400,Galt,false,Mountain clans,,,,,,,2,,,,,,,,,,,,,,,,,,,,,,,,,,,,,,,,,,,,,,,,,,,,,,,,,,,,,,,,,
1401,Galyeon of Cuy,false,,,,,,,,3,,,,,,,,,,,,,,,,,,,,,,,,,,,,,,,,,,,,,,,,,,,,,,,,,,,,,,,,,
1402,Gareth,false,,Gareth the Grey,,,,,,6,,,,,,,,,,,,Ser,,,,,,,,,,,,,,,,,,,,,,,,,,,,,,,,,,,,,,,,,,,,,
1403,Gareth Clifton,false,,,,,,,551,5,,73,,,,,,,,,,Ser,,,,,,,,,,,,,,,,,,,,,,,,,,,,,,,,,,,,,,,,,,,,,
1404,Garigus,false,,,,At King's Landing,,,,3,,,,,,,,,,,,Wisdom,,,,,,,,,,,,,,,,,,,,,,,,,,,,,,,,,,,,,,,,,,,,,
1405,Garin,false,Dornish,Garin of the Orphans,,,,,,5,,,,,,,,,,,,,,,,,,,,,,,,,,,,,,,,,,,,,,,,,,,,,,,,,,,,,,,,,
1406,Garin,false,Rhoynar,Garin the Great,,At Chroyane,,,,5,,,8,11,,,,,,,,Prince,,,,,,,,,,,,,,,,,,,,,,,,,,,,,,,,,,,,,,,,,,,,,
1407,Gariss,false,,,,,,,,2,,362,,,,,,,,,,,,,,,,,,,,,,,,,,,,,,,,,,,,,,,,,,,,,,,,,,,,,,,
1408,Garizon,false,,,,,,,,5,,,,,,,,,,,,Archmaester,,,,,,,,,,,,,,,,,,,,,,,,,,,,,,,,,,,,,,,,,,,,,
1409,Garrett Flowers,false,,,,,,,,1,,398,2,3,5,8,,,,,,,,,,,,,,,,,,,,,,,,,,,,,,,,,,,,,,,,,,,,,,,,,,,
1410,Garse Flowers,false,,,,,,,,1,,398,2,3,5,8,,,,,,,,,,,,,,,,,,,,,,,,,,,,,,,,,,,,,,,,,,,,,,,,,,,
1411,Garth Greenhand,false,First Men,Garth Greenhair,,,,,,6,,,3,11,,,,,,,,High King of the First Men,,,,,,,Garth the Green,,,,,,,,,,,,,,,,,,,,,,,,,,,,,,,,,,,,,,
1412,Garth of Greenaway,false,,,At Greenaway,"In 300 AC, at Beyond the Wall",,,,3,,,5,8,,,,,,,,,,,,,,,,,,,,,,,,,,,,,,,,,,,,,,,,,,,,,,,,,,,,,
1413,Garth of Oldtown,false,,,,"In 299 AC, at Craster's Keep",,,,3,,,,,,,,,,,,,,,,,,,,,,,,,,,,,,,,,,,,,,,,,,,,,,,,,,,,,,,,,
1414,Gascoyne,false,,Gascoyne of the Greenblood,,,,,,5,,285,8,,,,,,,,,Ser,,,,,,,,,,,,,,,,,,,,,,,,,,,,,,,,,,,,,,,,,,,,,
1415,Gavin,false,Free Folk,Gavin the Trader,,,,,,8,,,,,,,,,,,,,,,,,,,,,,,,,,,,,,,,,,,,,,,,,,,,,,,,,,,,,,,,,
1416,Gelmarr,false,,The Grim,,"In 299 AC, at Winterfell",,,,2,,169,8,,,,,,,,,,,,,,,,,,,,,,,,,,,,,,,,,,,,,,,,,,,,,,,,,,,,,,
1417,Gendel,false,Free Folk,,,,,,,11,,,2,3,,,,,,,,King-Beyond-the-Wall,,,,,,,,,,,,,,,,,,,,,,,,,,,,,,,,,,,,,,,,,,,,,
1418,Gendry,false,,The Bull,"In 284 AC, at King's Landing",,,,,1,Joe Dempsie,,2,3,5,,Season 1,Season 2,Season 3,,,Ser,,,,,,,Ser Gendry of the hollow hill,,,,,,,,,,,,,,,,,,,,,,,,,,,,,,,,,,,,,,
1419,Gerardys,false,,,,In 130 AC,,,,10,,,3,,,,,,,,,Grand Maester,,,,,,,,,,,,,,,,,,,,,,,,,,,,,,,,,,,,,,,,,,,,,
1420,Gergen,false,,Green Gergen,,,,,,3,,,,,,,,,,,,,,,,,,,,,,,,,,,,,,,,,,,,,,,,,,,,,,,,,,,,,,,,,
1421,Gerold Dayne,false,Dornish,Darkstar,In or between 270 AC and 274 AC,,,,,5,,98,8,,,,,,,,,Ser,Knight of High Hermitage,,,,,,,,,,,,,,,,,,,,,,,,,,,,,,,,,,,,,,,,,,,,
1422,Gerren,false,,,,,,,,2,,,,,,,,,,,,,,,,,,,,,,,,,,,,,,,,,,,,,,,,,,,,,,,,,,,,,,,,,
1423,Gerrick,false,Free folk,Gerrick Kingsblood,,,,,,8,,314,,,,,,,,,,King of the Wildlings,,,,,,,,,,,,,,,,,,,,,,,,,,,,,,,,,,,,,,,,,,,,,
1424,Gerris Drinkwater,false,Dornish,Drink,In 275 AC,,,,,8,,104,,,,,,,,,,Ser,,,,,,,Dornish Gerrold,,,,,,,,,,,,,,,,,,,,,,,,,,,,,,,,,,,,,,
1425,Ghael,false,Astapori,,,,,,,3,,,8,,,,,,,,,Lord,,,,,,,,,,,,,,,,,,,,,,,,,,,,,,,,,,,,,,,,,,,,,
1426,Ghost of High Heart,true,,The woods witch,,,,,,3,,,5,8,,,,,,,,,,,,,,,,,,,,,,,,,,,,,,,,,,,,,,,,,,,,,,,,,,,,,
1427,Gilly,true,Free Folk,the rabbit keeper,"In either 282 AC, 283 AC or 284 AC, at Craster's Keep",,,,1293,2,Hannah Murray,,3,5,8,,Season 2,Season 3,Season 4,Season 5,Season 6,,,,,,,,,,,,,,,,,,,,,,,,,,,,,,,,,,,,,,,,,,,,,,
1428,Glendon Hewett,false,,,,,,,,3,,194,5,8,,,,,,,,Ser,,,,,,,,,,,,,,,,,,,,,,,,,,,,,,,,,,,,,,,,,,,,,
1429,Goady,false,,,,,,,,3,,,5,8,,,,,,,,,,,,,,,,,,,,,,,,,,,,,,,,,,,,,,,,,,,,,,,,,,,,,
1430,Godwyn,false,,,,,,,,1,,229,,,,,,,,,,,,,,,,,,,,,,,,,,,,,,,,,,,,,,,,,,,,,,,,,,,,,,,
1431,Goghor,false,Ghiscari,Goghor the Giant,,,,,,8,,,,,,,,,,,,,,,,,,,,,,,,,,,,,,,,,,,,,,,,,,,,,,,,,,,,,,,,,
1432,Goodwin,false,,,,,,,,5,,380,,,,,,,,,,Ser,Master-at-arms at Evenfall Hall,,,,,,,,,,,,,,,,,,,,,,,,,,,,,,,,,,,,,,,,,,,,
1433,Gorghan of Old Ghis,false,Ghiscari,,,,,,,5,,,,,,,,,,,,,,,,,,,,,,,,,,,,,,,,,,,,,,,,,,,,,,,,,,,,,,,,,
1434,Gormon Tyrell,false,,Maester Gormon,,,,,,1,,,2,3,5,8,,,,,,Maester,,,,,,,,,,,,,,,,,,,,,,,,,,,,,,,,,,,,,,,,,,,,,
1435,Gorne,false,Free Folk,,,,,,,11,,,2,3,,,,,,,,King-Beyond-the-Wall,,,,,,,,,,,,,,,,,,,,,,,,,,,,,,,,,,,,,,,,,,,,,
1436,Grazdan,false,Astapori,,,"In 299 AC, at Astapor",,,,3,,,,,,,,,,,,Good Master,,,,,,,,,,,,,,,,,,,,,,,,,,,,,,,,,,,,,,,,,,,,,
1437,Grazdan mo Ullhor,false,Astapori,,,"In 299 AC, at Astapor",,,,3,,,,,,,,,,,,Good Master,,,,,,,,,,,,,,,,,,,,,,,,,,,,,,,,,,,,,,,,,,,,,
1438,Grazdan the Great,false,Ghiscari,,,,,,,3,,,,,,,,,,,,,,,,,,,,,,,,,,,,,,,,,,,,,,,,,,,,,,,,,,,,,,,,,
1439,Grazdan zo Galare,false,Meereenese,,,,,,,8,,,,,,,,,,,,,,,,,,,,,,,,,,,,,,,,,,,,,,,,,,,,,,,,,,,,,,,,,
1440,Grazdar zo Galare,false,Ghiscari,Grazhar,At Meereen,,,,,8,,,,,,,,,,,,Cupbearer,,,,,,,,,,,,,,,,,,,,,,,,,,,,,,,,,,,,,,,,,,,,,
1441,Great Walrus,false,Free Folk,,,,,,,8,,,,,,,,,,,,,,,,,,,,,,,,,,,,,,,,,,,,,,,,,,,,,,,,,,,,,,,,,
1442,Gregor Clegane,false,,The Mountain That Rides,In 265 AC or 266 AC,In 300 AC,,,,1,Conan Stevens,72,2,3,5,8,Season 1,Season 2,Season 4,Season 5,Season 6,Ser,Knight of Clegane's Keep,,,,,,The Mountain,The Great Dog,,,,,,,,229,,,,,,,,,,,,,,,,,,,,,,,,,Ian Whyte,Hafþór Júlíus Björnsson,,,
1443,Gretchel,true,,,,,,,,5,,7,8,,,,,,,,,,,,,,,,,,,,,,,,,,,,,,,,,,,,,,,,,,,,,,,,,,,,,,
1444,Grey King,false,Ironborn,,,", at watery halls of the Drowned God (alleged)",,,,1,,,8,11,,,,,,,,High King of the Iron Islands,,,,,,,,,,,,,,,,,,,,,,,,,,,,,,,,,,,,,,,,,,,,,
1445,Grey Worm,false,,,,,,,,3,Jacob Anderson,378,5,8,,,Season 3,Season 4,Season 5,Season 6,,,,,,,,,,,,,,,,,,,,,,,,,,,,,,,,,,,,,,,,,,,,,,,
1446,Griffin King,false,First Men,Griffin King,,,,,,5,,,,,,,,,,,,last of the Mountain King,,,,,,,,,,,,,,,,,,,,,,,,,,,,,,,,,,,,,,,,,,,,,
1447,Grigg,false,Free Folk,Grigg the Goat,,,,,,3,,,5,,,,,,,,,,,,,,,,,,,,,,,,,,,,,,,,,,,,,,,,,,,,,,,,,,,,,,
1448,Grisel,true,,,,,,,,3,,11,,,,,,,,,,,,,,,,,,,,,,,,,,,,,,,,,,,,,,,,,,,,,,,,,,,,,,,
1449,Grisella,true,Free Folk,,,,,,,8,,,,,,,,,,,,,,,,,,,,,,,,,,,,,,,,,,,,,,,,,,,,,,,,,,,,,,,,,
1450,Groleo,false,Pentoshi,,,"In 300 AC, at Meereen",,,,3,,378,5,8,,,,,,,,Captain,Lord Admiral,,,,,,,,,,,,,,,,,,,,,,,,,,,,,,,,,,,,,,,,,,,,
1451,Grubbs,false,,,,"In 300 AC, at Beyond the Wall",,,,3,,,5,8,,,,,,,,,,,,,,,,,,,,,,,,,,,,,,,,,,,,,,,,,,,,,,,,,,,,,
1452,Grunt,false,Northmen,,,,,,,8,,34,,,,,,,,,,,,,,,,,,,,,,,,,,,,,,,,,,,,,,,,,,,,,,,,,,,,,,,
1453,Gueren,false,,,,,,,,1,,,2,3,5,,,,,,,,,,,,,,,,,,,,,,,,,,,,,,,,,,,,,,,,,,,,,,,,,,,,
1454,Gulian,false,,,,,,,,5,,,,,,,,,,,,Maester,,,,,,,,,,,,,,,,,,,,,,,,,,,,,,,,,,,,,,,,,,,,,
1455,Gunthor son of Gurn,false,,,,,,,,1,,,3,,,,,,,,,,,,,,,,,,,,,,,,,,,,,,,,,,,,,,,,,,,,,,,,,,,,,,
1456,Gurn,false,Mountain clans,,,,,,,1,,,,,,,,,,,,,,,,,,,,,,,,,,,,,,,,,,,,,,,,,,,,,,,,,,,,,,,,,
1457,Guyne,false,,,,,,,,5,,,,,,,,,,,,Archmaester,,,,,,,,,,,,,,,,,,,,,,,,,,,,,,,,,,,,,,,,,,,,,
1458,Gyldayn,false,,,,,,,,11,,,10,9,,,,,,,,Archmaester,,,,,,,,,,,,,,,,,,,,,,,,,,,,,,,,,,,,,,,,,,,,,
1459,Gyleno Dothare,false,Braavosi,,,,,,,5,,,,,,,,,,,,,,,,,,,,,,,,,,,,,,,,,,,,,,,,,,,,,,,,,,,,,,,,,
1460,Gyloro Dothare,false,Braavosi,,,,,,,5,,,,,,,,,,,,,,,,,,,,,,,,,,,,,,,,,,,,,,,,,,,,,,,,,,,,,,,,,
1461,Gynir,false,,Gynir Rednose,,"In 299 AC, at Winterfell",,,,2,,169,8,,,,,,,,,,,,,,,,Rednose,,,,,,,,,,,,,,,,,,,,,,,,,,,,,,,,,,,,,,
1462,Haegon Blackfyre,false,Valyrian,,In or between 189 AC and 193 AC,In 219 AC,,,,11,,23,7,,,,,,,,,,,,,,,,,,,,,,,,,,,,,,,,,,,,,,,,,,,,,,,,,,,,,,
1463,Haggo,false,Dothraki,,,"In 298 AC, at Dothraki sea",,,,1,,,,,,,,,,,,Bloodrider of Khal Drogo,,,,,,,,,,,,,,,,,,,,,,,,,,,,,,,,,,,,,,,,,,,,,
1464,Haggon,false,Free Folk,,,,,,,8,,,,,,,,,,,,,,,,,,,,,,,,,,,,,,,,,,,,,,,,,,,,,,,,,,,,,,,,,
1465,Hairy Hal,false,,,,"In 300 AC, at Beyond the Wall",,,,3,,,5,8,,,,,,,,,,,,,,,,,,,,,,,,,,,,,,,,,,,,,,,,,,,,,,,,,,,,,
1466,Hake,false,,,,"In 299 AC, at Fist of the First Men",,,,1,,,2,3,,,,,,,,,,,,,,,,,,,,,,,,,,,,,,,,,,,,,,,,,,,,,,,,,,,,,
1467,Hal,false,,Hal the Hog,,In 299 AC,,,,3,,15,,,,,,,,,,,,,,,,,,,,,,,,,,,,,,,,,,,,,,,,,,,,,,,,,,,,,,,
1468,Halder,false,,Stone Head,In 281 AC or 282 AC,,,,,1,,,2,3,5,8,,,,,,,,,,,,,,,,,,,,,,,,,,,,,,,,,,,,,,,,,,,,,,,,,,,
1469,Haldon,false,,Haldon Halfmaester,,,,,,8,,378,,,,,,,,,,,,,,,,,,,,,,,,,,,,,,,,,,,,,,,,,,,,,,,,,,,,,,,
1470,Hali,true,Free Folk,,,"In 298 AC, at the Wolfswood",,,,1,,,,,,,,,,,,,,,,,,,,,,,,,,,,,,,,,,,,,,,,,,,,,,,,,,,,,,,,,
1471,Hallyne,false,,Hallyne the Pryomancer,,,,,,2,Roy Dotrice,,3,5,,,Season 2,,,,,Lord,Wisdom,,,,,,,,,,,,,,,,,,,,,,,,,,,,,,,,,,,,,,,,,,,,
1472,Hamish,false,,Hamish the Harper,,"In 300 AC, at King's Landing",,,,3,,,5,8,,,,,,,,,,,,,,,,,,,,,,,,,,,,,,,,,,,,,,,,,,,,,,,,,,,,,
1473,Harbert,false,,,,,,,,2,,17,,,,,,,,,,Ser,Castellan of Storm's End,,,,,,,,,,,,,,,,,,,,,,,,,,,,,,,,,,,,,,,,,,,,
1474,Hareth,false,,,,,,,,3,,,,,,,,,,,,Grand Maester,,,,,,,,,,,,,,,,,,,,,,,,,,,,,,,,,,,,,,,,,,,,,
1475,Hareth,false,,Horse,,,,,,3,,,5,8,,,,,,,,,,,,,,,,,,,,,,,,,,,,,,,,,,,,,,,,,,,,,,,,,,,,,
1476,Harghaz,false,Ghiscari,Harghaz the Hero,,"In 300 AC, at Meereen",,,,8,,,,,,,,,,,,,,,,,,,Harghaz the Dragonslayer,,,,,,,,,,,,,,,,,,,,,,,,,,,,,,,,,,,,,,
1477,Harle,false,Free Folk,Harle the Handsome,,,,,,8,,,,,,,,,,,,,,,,,,,,,,,,,,,,,,,,,,,,,,,,,,,,,,,,,,,,,,,,,
1478,Harle,false,Free Folk,Harle the Huntsman,,,,,,8,,,,,,,,,,,,,,,,,,,,,,,,,,,,,,,,,,,,,,,,,,,,,,,,,,,,,,,,,
1479,Harma,true,Free Folk,Harma the Dogshead,,"In 300 AC, at The Wall",,,,2,,,3,8,,,,,,,,,,,,,,,Harma Dogshead,,,,,,,,,,,,,,,,,,,,,,,,,,,,,,,,,,,,,,
1480,Harmund Sharp,false,Ironborn,,,,,,,5,,344,,,,,,,,,,,,,,,,,,,,,,,,,,,,,,,,,,,,,,,,,,,,,,,,,,,,,,,
1481,Harmune,false,,,,,,,,3,,,5,8,,,,,,,,Maester,,,,,,,,,,,,,,,,,,,,,,,,,,,,,,,,,,,,,,,,,,,,,
1482,Harodon,false,,,,,,,,5,,,,,,,,,,,,Archmaester,,,,,,,,,,,,,,,,,,,,,,,,,,,,,,,,,,,,,,,,,,,,,
1483,Harra,true,,,,"In 299 AC, at Harrenhal",,,,2,,427,,,,,,,,,,,,,,,,,,,,,,,,,,229,,,,,,,,,,,,,,,,,,,,,,,,,,,,,
1484,Harrag Sharp,false,Ironborn,Harrag Sheepstealer,,"In 299 AC, at Winterfell",,,,2,,344,,,,,,,,,,,,,,,,,,,,,,,,,,,,,,,,,,,,,,,,,,,,,,,,,,,,,,,
1485,Harren Half-Hoare,false,Ironborn,,,,,,,5,,,8,,,,,,,,,,,,,,,,,,,,,,,,,,,,,,,,,,,,,,,,,,,,,,,,,,,,,,
1486,Harry Sawyer,false,,,,,,,,5,,,,,,,,,,,,Ser,,,,,,,,,,,,,,,,,,,,,,,,,,,,,,,,,,,,,,,,,,,,,
1487,Harsley,false,,,,"In 299 AC, at Pennytree",,,,3,,,8,,,,,,,,,,,,,,,,,,,,,,,,,,,,,,,,,,,,,,,,,,,,,,,,,,,,,,
1488,Harwin,false,Northmen,,In 271 AC or later,,,,,1,,362,2,3,5,8,,,,,,,,,,,,,,,,,,,,,,,,,,,,,,,,,,,,,,,,,,,,,,,,,,,
1489,Hayhead,false,Northmen,,,,,,,2,,362,,,,,,,,,,,,,,,,,,,,,,,,,,,,,,,,,,,,,,,,,,,,,,,,,,,,,,,
1490,Hazrak zo Loraq,false,Ghiscari,The Handsome,,,,,,8,,,,,,,,,,,,,,,,,,,,,,,,,,,,,,,,,,,,,,,,,,,,,,,,,,,,,,,,,
1491,Hazzea,true,Ghiscari,,In 295 AC or 296 AC,"In 300 AC, at plains outside Meereen",,,,8,,,,,,,,,,,,,,,,,,,,,,,,,,,,,,,,,,,,,,,,,,,,,,,,,,,,,,,,,
1492,Heke,false,,Reek,,"In 299 AC, at the North",,,,2,,34,5,8,,,,,,,,,,,,,,,,,,,,,,,,,,,,,,,,,,,,,,,,,,,,,,,,,,,,,
1493,Helliweg,false,,,,,,,,5,,,,,,,,,,,,Maester,,,,,,,,,,,,,,,,,,,,,,,,,,,,,,,,,,,,,,,,,,,,,
1494,Helly,true,,,,,,,,3,,,5,,,,,,,,,,,,,,,,,,,,,,,,,,,,,,,,,,,,,,,,,,,,,,,,,,,,,,
1495,Helya,true,,,,,,,,2,,169,3,5,,,,,,,,,,,,,,,,,,,,,,,,,,,,,,,,,,,,,,,,,,,,,,,,,,,,,
1496,Hendry Bracken,false,,,,"In 299 AC, at Stone Hedge",,,,2,,37,,,,,,,,,,,,,,,,,,,,,,,,,,,,,,,,,,,,,,,,,,,,,,,,,,,,,,,
1497,Henk,false,Free Folk,Henk the Helm,,,,,,3,,,5,,,,,,,,,,,,,,,,,,,,,,,,,,,,,,,,,,,,,,,,,,,,,,,,,,,,,,
1498,Henly,false,,,,,,,,8,,352,,,,,,,,,,Maester,,,,,,,,,,,,,,,,,,,,,,,,,,,,,,,,,,,,,,,,,,,,,
1499,Heward,false,Northmen,,,"In 298 AC, at King's Landing",,,,1,,362,,,,,,,,,,,,,,,,,,,,,,,,,,,,,,,,,,,,,,,,,,,,,,,,,,,,,,,
1500,Hibald,false,,,,,,,,5,,,,,,,,,,,,,,,,,,,,,,,,,,,,,,,,,,,,,,,,,,,,,,,,,,,,,,,,,
1501,Hizdahr zo Loraq,false,Ghiscari,Hizdak,,,,,1303,8,Joel Fry,,,,,,Season 4,Season 5,,,,King of Meereen,Scion of Ghis,Octarch of the Old Empire,"Master of the Skahazadhan, Consort to Dragons",Blood of the Harpy[1],,,Hizdahr of the tepid kisses,,,,,,,,,,,,,,,,,,,,,,,,,,,,,,,,,,,,,,
1502,Hobb,false,,Three-Finger Hobb,,,,,,1,,,2,3,5,8,,,,,,,,,,,,,,,,,,,,,,,,,,,,,,,,,,,,,,,,,,,,,,,,,,,
1503,Hod,false,,,,,,,,2,,,,,,,,,,,,,,,,,,,,,,,,,,,,,,,,,,,,,,,,,,,,,,,,,,,,,,,,,
1504,Hoke,false,,Hoke the Horseleg,,,,,,5,,229,,,,,,,,,,,,,,,,,,,,,,,,,,,,,,,,,,,,,,,,,,,,,,,,,,,,,,,
1505,Holger,false,,,,,,,,2,,,,,,,,,,,,,,,,,,,,,,,,,,,,,,,,,,,,,,,,,,,,,,,,,,,,,,,,,
1506,Holly,true,Free Folk,,"In 283 AC, 284 AC or 285 AC","In 300 AC, at Winterfell",,,,8,,,,,,,,,,,,,,,,,,,,,,,,,,,,,,,,,,,,,,,,,,,,,,,,,,,,,,,,,
1507,Hop-Robin,false,,,,,,,,3,,,5,8,,,,,,,,,,,,,,,,,,,,,,,,,,,,,,,,,,,,,,,,,,,,,,,,,,,,,
1508,Hot Pie,false,,,,,,,,2,Ben Hawkey,,3,5,,,Season 1,Season 2,Season 3,Season 4,,,,,,,,,,,,,,,,,,,,,,,,,,,,,,,,,,,,,,,,,,,,,,,
1512,Howd,false,Free Folk,Wanderer,,,,,,8,,,,,,,,,,,,,,,,,,,,,,,,,,,,,,,,,,,,,,,,,,,,,,,,,,,,,,,,,
1513,Hugh Hammer,false,,Hard Hugh,,"In 130 AC, at Tumbleton",,,,11,,,9,,,,,,,,,Ser,Lord of Bitterbridge,,,,,,The Betrayer,Lord Hammer,,,,,,,,,,,,,,,,,,,,,,,,,,,,,,,,,,,,,
1514,Hugor of the Hill,false,Andal,Hukko (unconfirmed),,,,,,8,,,11,,,,,,,,,King of the Andals,,,,,,,,,,,,,,,,,,,,,,,,,,,,,,,,,,,,,,,,,,,,,
1515,Hullen,false,Northmen,,,"In 298 AC, at King's Landing",,,,1,,362,2,3,8,,,,,,,Master of horse at Winterfell,,,,,,,,,,,,,,,,,,,,,,,,,,,,,,,,,,,,,,,,,,,,,
1516,Humfrey Clifton,false,,,,,,,,8,,73,,,,,,,,,,Ser,,,,,,,,,,,,,,,,15,,,,,,,,,,,,,,,,,,,,,,,,,,,,,
1517,Hunnimore,false,,,,,,,,9,,,,,,,,,,,,Maester,,,,,,,,,,,,,,,,,,,,,,,,,,,,,,,,,,,,,,,,,,,,,
1518,Husband,false,,,,,,,1941,3,,,5,,,,,,,,,,,,,,,,,,,,,,,,,,,,,,,,,,,,,,,,,,,,,,,,,,,,,,
1519,Iggo,false,Dothraki,,,"In 299 AC, at Riverlands",,,,3,Deon Lee-Williams,,,,,,Season 6,,,,,,,,,,,,,,,,,,,,,,,,,,,,,,,,,,,,,,,,,,,,,,,,,,
1520,Illyrio Mopatis,false,Pentoshi,The Cheesemonger,At Pentos,,,,1521,1,Roger Allam,378,2,3,5,8,Season 1,,,,,Magister of Pentos,,,,,,,The Fat Man,The Lord of Cheese,,,,,,,,,,,,,,,,,,,,,,,,,,,,,,,,,,,,,
1521,Illyrio's first wife,true,Pentoshi,,At Pentos,At Pentos,,,1520,8,,,,,,,,,,,,,,,,,,,,,,,,,,,,,,,,,,,,,,,,,,,,,,,,,,,,,,,,,
1522,Ironbelly,false,,Ironbelly,,,,,,2,,,3,,,,,,,,,,,,,,,,,,,,,,,,,,,,,,,,,,,,,,,,,,,,,,,,,,,,,,
1523,Irri,true,Dothraki,,In 283 AC or 284 AC,,,,,1,Amrita Acharia,378,2,3,5,8,Season 1,Season 2,,,,,,,,,,,,,,,,,,,,,,,,,,,,,,,,,,,,,,,,,,,,,,,,,
1524,Ithoke,false,Ghiscari,Fearless Ithoke,,,,,,8,,,,,,,,,,,,,,,,,,,,,,,,,,,,,,,,,,,,,,,,,,,,,,,,,,,,,,,,,
1525,Jack,false,,Jack-Be-Lucky,,,,,,3,,,5,,,,,,,,,,,,,,,,,,,,,,,,,,,,,,,,,,,,,,,,,,,,,,,,,,,,,,
1526,Jacks,false,,,,,,,,1,,362,2,3,5,,,,,,,,,,,,,,,,,,,,,,,,,,,,,,,,,,,,,,,,,,,,,,,,,,,,
1527,Jaehaera Targaryen,true,Valyrian,,In 123 AC,"In 133 AC, at King's Landing",,,40,10,,378,9,11,,,,,,,,Princess,Queen,,,,,,,,,,,,,,,,,,,,,,,,,,,,,,,,,,,,,,,,,,,,
1528,Jaehaerys Targaryen,false,,,In 123 AC,"In 129 AC, at the Tower of the Hand at King's Landing",,,,10,,378,9,,,,,,,,,Prince,,,,,,,,,,,,,,,,,,,,,,,,,,,,,,,,,,,,,,,,,,,,,
1529,Jafer Flowers,false,,,,"In 298 AC, at the Haunted Forest",,,,1,,,,,,,,,,,,,,,,,,,,,,,,,,,,,,,,,,,,,,,,,,,,,,,,,,,,,,,,,
1530,Jaggot,false,,,,,,,,1,,,,,,,,,,,,,,,,,,,,,,,,,,,,,,,,,,,,,,,,,,,,,,,,,,,,,,,,,
1531,Jalabhar Xho,false,Summer Isles,,,,,,,1,,,2,3,5,8,,,,,,Prince of the Red Flower Vale,,,,,,,,,,,,,,,,,,,,,,,,,,,,,,,,,,,,,,,,,,,,,
1532,Jaqen H'ghar,false,,Lorath,,,,,,2,"Tom Wlaschiha, Patrick O'Kane",,3,5,8,,Season 2,Season 6,,,,,,,,,,,,,,,,,,,,,,,,,,,,,,,,,,,,,,,,,,,,,,,,,
1533,Jarl,false,Free Folk,,,"In 299 AC, at the Wall",,,,3,,,5,8,,,,,,,,,,,,,,,,,,,,,,,,,,,,,,,,,,,,,,,,,,,,,,,,,,,,,
1534,Jate,false,,,,"In 300 AC, at Riverlands",,,,5,,,,,,,,,,,,,,,,,,,,,,,,,,,,,,,,,,,,,,,,,,,,,,,,,,,,,,,,,
1535,Jate Blackberry,false,,,,,,,,3,,15,,,,,,,,,,,,,,,,,,,,,,,,,,,,,,,,,,,,,,,,,,,,,,,,,,,,,,,
1536,Jayde,true,,,,,,,,3,,,,,,,,,,,,,,,,,,,,,,,,,,,,,,,,,,,,,,,,,,,,,,,,,,,,,,,,,
1537,Jayne Bracken,true,,,,,,,,8,,37,,,,,,,,,,,,,,,,,,,,,,,,,,,,,,,,,,,,,,,,,,,,,,,,,,,,,,,
1538,Jenny,true,,Penny Jenny,,At King's Landing,,,,7,,,,,,,,,,,,,,,,,,,Redgrass Jenny,,,,,,,,,,,,,,,,,,,,,,,,,,,,,,,,,,,,,,
1539,Jenny of Oldstones,true,,,,,,,330,11,,,3,5,8,,,,,,,,,,,,,,,,,,,,,,,,,,,,,,,,,,,,,,,,,,,,,,,,,,,,
1540,Jeren,false,,,,,,,,1,,,2,3,5,8,,,,,,,,,,,,,,,,,,,,,,,,,,,,,,,,,,,,,,,,,,,,,,,,,,,
1541,Jeyne,true,Braavosi,Canker Jeyne,,,,,,5,,,,,,,,,,,,,,,,,,,,,,,,,,,,,,,,,,,,,,,,,,,,,,,,,,,,,,,,,
1542,Jeyne,true,,Squinty Jeyne,,,,,,6,,291,,,,,,,,,,,,,,,,,,,,,,,,,,,,,,,,,,,,,,,,,,,,,,,,,,,,,,,
1543,Jeyne Heddle,true,,Long Jeyne,In 281 AC or 282 AC,,,,,5,,,,,,,,,,,,,,,,,,,,,,,,,,,,,,,,,,,,,,,,,,,,,,,,,,,,,,,,,
1544,Jeyne Rivers,true,,,,,,,,2,,143,3,5,8,,,,,,,,,,,,,,,,,,,,,,,,,,,,,,,,,,,,,,,,,,,,,,,,,,,,
1545,Jeyne Waters,true,Westeros,,In or between 171 AC and 176 AC,,,,,11,,,,,,,,,,,,,,,,,,,,,,,,,,,,,,,,,,,,,,,,,,,,,,,,,,,,,,,,,
1546,Jezhene,true,Ghiscari,Jhezane,At Meereen,,,,,8,,,,,,,,,,,,Cupbearer,,,,,,,,,,,,,,,,,,,,,,,,,,,,,,,,,,,,,,,,,,,,,
1547,Jhaqo,false,Dothraki,,,,,,,1,,,2,3,5,8,,,,,,Khal,Ko (formerly),,,,,,,,,,,,,,,,,,,,,,,,,,,,,,,,,,,,,,,,,,,,
1548,Jhiqui,true,Dothraki,,In 284 AC,,,,,1,Sarita Piotrowski,378,2,3,5,8,Season 1,,,,,,,,,,,,,,,,,,,,,,,,,,,,,,,,,,,,,,,,,,,,,,,,,,
1549,Jhogo,false,Dothraki,,"In or between 281 AC and 283 AC, at Dothraki sea",,,,,1,,378,2,3,5,8,,,,,,Ko,Bloodrider,,,,,,,,,,,,,,,,,,,,,,,,,,,,,,,,,,,,,,,,,,,,
1550,Jodge,false,,,,,,,,2,,229,,,,,,,,,,,,,,,,,,,,,,,,,,,,,,,,,,,,,,,,,,,,,,,,,,,,,,,
1551,Jommo,false,Dothraki,,,,,,,1,,,5,,,,,,,,,Khal,,,,,,,,,,,,,,,,,,,,,,,,,,,,,,,,,,,,,,,,,,,,,
1552,Jommy,false,,,,,,,,2,,17,,,,,,,,,,,,,,,,,,,,,,,,,,,,,,,,,,,,,,,,,,,,,,,,,,,,,,,
1553,Jon Cupps,false,,,,,,,634,5,,,,,,,,,,,,Ser,,,,,,,,,,,,,,,,,,,,,,,,,,,,,,,,,,,,,,,,,,,,,
1554,Jon Heddle,false,,Long Jon,,,,,,5,,190,,,,,,,,,,Ser,,,,,,,,,,,,,,,,,,,,,,,,,,,,,,,,,,,,,,,,,,,,,
1555,Jon Penny,false,,,,,,,,5,,,,,,,,,,,,,,,,,,,,,,,,,,,,,,,,,,,,,,,,,,,,,,,,,,,,,,,,,
1556,Jon Pox,false,,,,At Stepstones,,,,5,,,,,,,,,,,,,,,,,,,,,,,,,,,,,,,,,,,,,,,,,,,,,,,,,,,,,,,,,
1557,Jon Vance,false,,,,,,,,5,,,,,,,,,,,,Maester,,,,,,,,,,,,,,,,,,,,,,,,,,,,,,,,,,,,,,,,,,,,,
1558,Jon Waters,false,,,In or between 171 AC and 176 AC,,,,,5,,,11,,,,,,,,,Ser,,,,,,,,,,,,,,,,,,,,,,,,,,,,,,,,,,,,,,,,,,,,,
1559,Jonos Bracken,false,,,At Stone Hedge,,,,,1,Gerry O'Brien,37,2,3,5,8,Season 1,,,,,Lord of Stone Hedge,,,,,,,,,,,,,,,,,,,,,,,,,,,,,,,,,,,,,,,,,,,,,
1560,Jorah Mormont,false,Northmen,Jorah the Andal,In 254 AC (roughly),,,,,1,Iain Glen,271,2,3,5,8,Season 1,Season 2,Season 3,Season 4,Season 5,Ser,Lord of Bear Island (stripped),,,,,,Bear,,,,,,,,,378,,,,,,,,,,,,,,,,,,,,,,,,Season 6,,,,,
1561,Joramun,false,Free Folk,,,,,,,11,,,2,3,,,,,,,,King-Beyond-the-Wall,,,,,,,,,,,,,,,,,,,,,,,,,,,,,,,,,,,,,,,,,,,,,
1562,Jorgen,false,,,,,,,,6,,419,,,,,,,,,,,,,,,,,,,,,,,,,,,,,,,,,,,,,,,,,,,,,,,,,,,,,,,
1563,Jorquen,false,,,,,,,,5,,,,,,,,,,,,Septon,,,,,,,,,,,,,,,,,,,,,,,,,,,,,,,,,,,,,,,,,,,,,
1564,Joseran,false,,,,,,,,5,,,,,,,,,,,,Maester,,,,,,,,,,,,,,,,,,,,,,,,,,,,,,,,,,,,,,,,,,,,,
1565,Joseth,false,,,,,,,,1,,362,2,,,,,,,,,,,,,,,,,,,,,,,,,,,,,,,,,,,,,,,,,,,,,,,,,,,,,,
1566,Joss,false,,,,,,,,1,,,,,,,,,,,,,,,,,,,,,,,,,,,,,,,,,,,,,,,,,,,,,,,,,,,,,,,,,
1567,Joss,false,Braavosi,Joss the Gloom,,,,,,5,,,,,,,,,,,,,,,,,,,,,,,,,,,,,,,,,,,,,,,,,,,,,,,,,,,,,,,,,
1568,Joss Stilwood,false,,,,,,,,1,,72,2,5,,,,,,,,,,,,,,,,,,,,,,,,,,,,,,,,,,,,,,,,,,,,,,,,,,,,,
1569,Joth Quickbow,false,,,,At riverlands,,,,3,,,,,,,,,,,,,,,,,,,,,,,,,,,,,,,,,,,,,,,,,,,,,,,,,,,,,,,,,
1570,Joy Hill,true,,,In 288 AC,,,,,1,,229,2,3,5,8,,,,,,,,,,,,,,,,,,,,,,,,,,,,,,,,,,,,,,,,,,,,,,,,,,,
1571,Jurne,false,,,,,,,,2,,,3,5,,,,,,,,Maester,,,,,,,,,,,,,,,,,,,,,,,,,,,,,,,,,,,,,,,,,,,,,
1572,Jyana,true,Crannogmen,,,,,,506,5,,318,8,,,,,,,,,,,,,,,,,,,,,,,,,,,,,,,,,,,,,,,,,,,,,,,,,,,,,,
1573,Jyck,false,,,,"In 298 AC, at Mountains of the Moon",,,,1,,229,,,,,,,,,,,,,,,,,,,,,,,,,,,,,,,,,,,,,,,,,,,,,,,,,,,,,,,
1574,Jynessa Blackmont,true,Dornish,,,,,,,3,,24,5,,,,,,,,,,,,,,,,,,,,,,,,,,,,,,,,,,,,,,,,,,,,,,,,,,,,,,
1575,Jyzene,true,,,,,,,,3,,,5,,,,,,,,,,,,,,,,,,,,,,,,,,,,,,,,,,,,,,,,,,,,,,,,,,,,,,
1576,Kaeth,false,,,"In 175 AC, 176 AC or 177 AC","In 257 AC or 258 AC, at King's Landing",,,,3,,,5,,,,,,,,,Grand Maester,,,,,,,,,,,,,,,,,,,,,,,,,,,,,,,,,,,,,,,,,,,,,
1577,Karl,false,,Clubfoot Karl,,"In 300 AC, at the haunted forest",,,,3,Burn Gorman,,5,8,,,Season 3,Season 4,,,,,,,,,,,,,,,,,,,,,,,,,,,,,,,,,,,,,,,,,,,,,,,,,
1578,Kedge Whiteye,false,,,In or between 251 AC and 260 AC,,,,,2,,,3,5,8,,,,,,,,,,,,,,,,,,,,,,,,,,,,,,,,,,,,,,,,,,,,,,,,,,,,
1579,Kedry,false,,,,"In 300 AC, at off the coast of the Disputed Lands",,,,5,,,8,,,,,,,,,Maester,,,,,,,,,,,,,,,,,,,,,,,,,,,,,,,,,,,,,,,,,,,,,
1580,Kegs,false,,,,,,,,3,,,5,8,,,,,,,,,,,,,,,,,,,,,,,,,,,,,,,,,,,,,,,,,,,,,,,,,,,,,
1581,Kella,true,,,,,,,,3,,11,,,,,,,,,,,,,,,,,,,,,,,,,,,,,,,,,,,,,,,,,,,,,,,,,,,,,,,
1582,Kemmett Pyke,false,Ironborn,Kemmett the Bastard,,,,,,5,,,8,,,,,,,,,,,,,,,,,,,,,,,,,,,,,,,,,,,,,,,,,,,,,,,,,,,,,,
1583,Kenned,false,Ironborn,Kenned the Whale,,"In 299 AC, at Winterfell",,,,2,,,,,,,,,,,,,,,,,,,,,,,,,,,,,,,,,,,,,,,,,,,,,,,,,,,,,,,,,
1584,Kennos of Kayce,false,,,,,,,,3,,219,5,8,,,,,,,,Ser,,,,,,,,,,,,,,,,,,,,,,,,,,,,,,,,,,,,,,,,,,,,,
1585,Ketter,false,,,,,,,,1,,,,,,,,,,,,,,,,,,,,,,,,,,,,,,,,,,,,,,,,,,,,,,,,,,,,,,,,,
1586,Kezmya,true,Ghiscari,,At Meereen,,,,,8,,,,,,,,,,,,Cupbearer,,,,,,,,,,,,,,,,,,,,,,,,,,,,,,,,,,,,,,,,,,,,,
1587,Khorane Sathmantes,false,Lysene,,,,,,,3,,,,,,,,,,,,,,,,,,,,,,,,,,,,,,,,,,,,,,,,,,,,,,,,,,,,,,,,,
1588,Khrazz,false,Ghiscari,,In 277 AC (roughly),"In 300 AC, at Meereen",,,,8,,,,,,,,,,,,,,,,,,,,,,,,,,,,,,,,,,,,,,,,,,,,,,,,,,,,,,,,,
1589,Kiera of Tyrosh,true,Tyroshi,,,,,,1067,11,,378,7,,,,,,,,,Lady,,,,,,,,,,,,,,,,,,,,,,,,,,,,,,,,,,,,,,,,,,,,,
1590,Kindly Man,false,Braavosi,The Kindly Man,,,,,,5,,,8,,,,,,,,,,,,,,,,,,,,,,,,,,,,,,,,,,,,,,,,,,,,,,,,,,,,,,
1591,Kirby Pimm,false,,,,,,,,7,,,,,,,,,,,,Ser,,,,,,,,,,,,,,,,,,,,,,,,,,,,,,,,,,,,,,,,,,,,,
1592,Kojja Mo,true,Summer Isles,,,,,,,5,,,,,,,,,,,,,,,,,,,,,,,,,,,,,,,,,,,,,,,,,,,,,,,,,,,,,,,,,
1593,Koss,false,,,,"In 299 AC, at Gods Eye",,,,2,,,,,,,,,,,,,,,,,,,,,,,,,,,,,,,,,,,,,,,,,,,,,,,,,,,,,,,,,
1594,Kraznys mo Nakloz,false,Astapori,,,"In 299 AC, at Astapor",,,,3,Dan Hildebrand,,8,,,,Season 3,,,,,,,,,,,,,,,,,,,,,,,,,,,,,,,,,,,,,,,,,,,,,,,,,,
1595,Kromm,false,Ironborn,,At Iron Islands,"In 299 AC, at Winterfell",,,,2,,169,,,,,,,,,,,,,,,,,,,,,,,,,,,,,,,,,,,,,,,,,,,,,,,,,,,,,,,
1596,Kurleket,false,,,,"In 298 AC, at Mountains of the Moon",,,,1,,37,,,,,,,,,,,,,,,,,,,,,,,,,,,,,,,,,,,,,,,,,,,,,,,,,,,,,,,
1597,Kurz,false,,,,"In 299 AC, at Riverlands",,,,2,,,,,,,,,,,,,,,,,,,,,,,,,,,,,,,,,,,,,,,,,,,,,,,,,,,,,,,,,
1598,Kyle,false,,Cat of Misty Moor,,,,,,7,,,,,,,,,,,,Ser,,,,,,,Kyle the Cat,,,,,,,,,,,,,,,,,,,,,,,,,,,,,,,,,,,,,,
1599,Kyle,false,,,,"In 299 AC, at the burning septry",,,,3,,,,,,,,,,,,,,,,,,,,,,,,,,,,,,,,,,,,,,,,,,,,,,,,,,,,,,,,,
1600,Kyleg,false,Free Folk,Kyleg of the Wooden Ear,,,,,,8,,,,,,,,,,,,,,,,,,,,,,,,,,,,,,,,,,,,,,,,,,,,,,,,,,,,,,,,,
1601,Kym,false,,,,,,,,2,,,,,,,,,,,,Maester,,,,,,,,,,,,,,,,,,,,,,,,,,,,,,,,,,,,,,,,,,,,,
1602,Kyra,true,,,"In 280 AC or 281 AC, at Winter Town","In 300 AC, at Forests near the Dreadfort",,,,1,,362,2,5,8,,,,,,,,,,,,,,,,,,,,,,,,,,,,,,,,,,,,,,,,,,,,,,,,,,,,
1603,Lady of the Leaves,true,,,,,,,,3,,,5,,,,,,,,,Lady of the Leaves,,,,,,,,,,,,,,,,,,,,,,,,,,,,,,,,,,,,,,,,,,,,,
1604,Lanna,true,,,In 285 AC or 286 AC,,,,,3,,,5,,,,,,,,,,,,,,,,,,,,,,,,,,,,,,,,,,,,,,,,,,,,,,,,,,,,,,
1605,Lanna,true,Braavosi,,In 286 AC,,,,,5,,,,,,,,,,,,,,,,,,,,,,,,,,,,,,,,,,,,,,,,,,,,,,,,,,,,,,,,,
1606,Lark,false,Sistermen,The Sisterman,,"In 299 AC, at the haunted forest",,,,2,,,3,,,,,,,,,,,,,,,,Lark the Sisterman,,,,,,,,,,,,,,,,,,,,,,,,,,,,,,,,,,,,,,
1607,Larra Blackmont,true,Dornish,,,,,,,3,,24,5,8,,,,,,,,Lady of Blackmont,,,,,,,,,,,,,,,,,,,,,,,,,,,,,,,,,,,,,,,,,,,,,
1608,Larra Rogare,true,Lysene,,"In 115 AC, at Lys","In 145 AC, at Lys",,,1077,11,,378,,,,,,,,,,,,,,,,,,,,,,,,,,,,,,,,,,,,,,,,,,,,,,,,,,,,,,,
1609,Larraq,false,Ghiscari,The Lash,,,,,,8,,,,,,,,,,,,,,,,,,,,,,,,,,,,,,,,,,,,,,,,,,,,,,,,,,,,,,,,,
1610,Layna,true,,,In or between 279 AC and 285 AC,,,,,2,,,,,,,,,,,,,,,,,,,,,,,,,,,,,,,,,,,,,,,,,,,,,,,,,,,,,,,,,
1611,Leathers,false,Free Folk,,In 259 AC or before,,,,,8,,,,,,,,,,,,Master-at-Arms,,,,,,,,,,,,,,,,,,,,,,,,,,,,,,,,,,,,,,,,,,,,,
1612,Left Hand Lew,false,,,,,,,,3,,,5,8,,,,,,,,,,,,,,,,,,,,,,,,,,,,,,,,,,,,,,,,,,,,,,,,,,,,,
1613,Lem,false,,Lem Lemoncloak,,,,,,3,Jóhannes Haukur Jóhannesson,,5,,,,Season 6,,,,,,,,,,,,The Lemon,Yellow cloak,,,,,,,,,,,,,,,,,,,,,,,,,,,,,,,,,,,,,
1614,Lem,false,,,In or around 161 AC,,,,,6,,291,,,,,,,,,,,,,,,,,,,,,,,,,,,,,,,,,,,,,,,,,,,,,,,,,,,,,,,
1615,Lenn,false,Free Folk,,,,,,,3,,,5,,,,,,,,,,,,,,,,,,,,,,,,,,,,,,,,,,,,,,,,,,,,,,,,,,,,,,
1616,Lennocks,false,,,,,,,,3,,,,,,,,,,,,,,,,,,,,,,,,,,,,,,,,,,,,,,,,,,,,,,,,,,,,,,,,,
1617,Lenyl,false,Free Folk,,,,,,,3,,,5,8,,,,,,,,,,,,,,,,,,,,,,,,,,,,,,,,,,,,,,,,,,,,,,,,,,,,,
1618,Leonette Fossoway,true,,,,,,,401,3,,397,5,8,,,,,,,,Lady,,,,,,,,,,,,,,,,,,,,,,,,,,,,,,,,,,,,,,,,,,,,,
1619,Lester,false,,Red Lester,,,,,,3,,229,5,,,,,,,,,,,,,,,,,,,,,,,,,,,,,,,,,,,,,,,,,,,,,,,,,,,,,,
1620,Lew,false,Northmen,,,,,,,1,,362,,,,,,,,,,,,,,,,,,,,,,,,,,,,,,,,,,,,,,,,,,,,,,,,,,,,,,,
1621,Lew,false,,Long Lew,,,,,,3,,395,5,8,,,,,,,,,,,,,,,,,,,,,,,,,,,,,,,,,,,,,,,,,,,,,,,,,,,,,
1622,Lewis Lanster,false,,,At Westeros,,,,,8,,,,,,,,,,,,,,,,,,,,,,,,,,,,,,,,,,,,,,,,,,,,,,,,,,,,,,,,,
1623,Lewys,false,,Lewys the Fishwife,,,,,,3,,15,5,8,,,,,,,,,,,,,,,,,,,,,,,,,,,,,,,,,,,,,,,,,,,,,,,,,,,,,
1624,Lharys,false,,,,"In 298 AC, at Mountains of the Moon",,,,1,,37,,,,,,,,,,,,,,,,,,,,,,,,,,,,,,,,,,,,,,,,,,,,,,,,,,,,,,,
1625,Lister,false,,,,,,,,3,,,,,,,,,,,,,,,,,,,,,,,,,,,,,,,,,,,,,,,,,,,,,,,,,,,,,,,,,
1626,Lommy,false,,Lommy Greenhands,,"In 299 AC, at Riverlands",,,,2,Eros Vlahos,,3,5,,,Season 1,Season 2,,,,,,,,,,,,,,,,,,,,,,,,,,,,,,,,,,,,,,,,,,,,,,,,,
1627,Lomys,false,,,,,,,,1,,,2,3,5,8,,,,,,Maester,,,,,,,,,,,,,,,,,,,,,,,,,,,,,,,,,,,,,,,,,,,,,
1628,Lorcas,false,,,In 241 AC or before,,,,,5,,,,,,,,,,,,,,,,,,,,,,,,,,,,,,,,,,,,,,,,,,,,,,,,,,,,,,,,,
1629,Lord Belgrave,false,,,,,,,,3,,,,,,,,,,,,Lord,,,,,,,,,,,,,,,,,,,,,,,,,,,,,,,,,,,,,,,,,,,,,
1630,Lord of Bones,false,Free Folk,Rattleshirt,,"In 300 AC, at Castle Black",,,,2,Edward Dogliani,,3,5,8,,Season 2,Season 3,,,,,,,,,,,Lord o' Bones,Bag o' Bones,,,,,,,,,,,,,,,,,,,,,,,,,,,,,,,,,,,,,
1631,Loren I Lannister,false,,Loren the Last,,,,,,1,,,11,,,,,,,,,King of the Rock (former),Lord of Casterly Rock,Warden of the West,Lord of the Westerlands,,,,,,,,,,,,,,,,,,,,,,,,,,,,,,,,,,,,,,,,,,
1632,Loreza Sand,true,Dornish,Loree,In 293 AC,,,,,3,,285,5,8,,,,,,,,,,,,,,,,,,,,,,,,,,,,,,,,,,,,,,,,,,,,,,,,,,,,,
1633,Lorimer,false,,Lorimer the Belly,,"In 298 AC, at Riverlands",,,,5,,234,,,,,,,,,,Ser,,,,,,,,,,,,,,,,,,,,,,,,,,,,,,,,,,,,,,,,,,,,,
1634,Lormelle,false,,Lormelle Long Lance,,,,,,3,,,,,,,,,,,,,,,,,,,,,,,,,,,,,,,,,,,,,,,,,,,,,,,,,,,,,,,,,
1635,Lorren,false,,Black Lorren,,"In 299 AC, at Winterfell",,,,2,Forbes KB,,,,,,Season 2,,,,,,,,,,,,,,,,,,,,,,,,,,,,,,,,,,,,,,,,,,,,,,,,,,
1636,Lothar,false,,,,,,,,7,,,,,,,,,,,,Maester,,,,,,,,,,,,,,,,,,,,,,,,,,,,,,,,,,,,,,,,,,,,,
1637,Lotho Lornel,false,Braavosi,,,,,,,5,,,,,,,,,,,,,,,,,,,,,,,,,,,,,,,,,,,,,,,,,,,,,,,,,,,,,,,,,
1638,Lucan,false,,,,"In 299 AC, at Harrenhal",,,,2,,427,,,,,,,,,,,,,,,,,,,,,,,,,,,,,,,,,,,,,,,,,,,,,,,,,,,,,,,
1639,Lucantine Woodwright,false,,,,,,,,5,,,,,,,,,,,,Ser,,,,,,,,,,,,,,,,,,,,,,,,,,,,,,,,,,,,,,,,,,,,,
1640,Lucas Blackwood,false,,,,"In 299 AC, at the Twins",,,,2,,27,3,5,8,,,,,,,,,,,,,,,,,,,,,,,,,,,,,,,,,,,,,,,,,,,,,,,,,,,,
1641,Lucas Nayland,false,,,,,,,,7,,279,,,,,,,,,,Ser,,,,,,,,,,,,,,,,,,,,,,,,,,,,,,,,,,,,,,,,,,,,,
1642,Lucifer Hardy,false,,,,,,,,5,,175,,,,,,,,,,Lord,,,,,,,,,,,,,,,,,,,,,,,,,,,,,,,,,,,,,,,,,,,,,
1643,Luco Prestayn,false,Braavosi,,,,,,,5,,,,,,,,,,,,,,,,,,,,,,,,,,,,,,,,,,,,,,,,,,,,,,,,,,,,,,,,,
1644,Lucos,false,,,,,,,,5,,,,,,,,,,,,Septon,,,,,,,,,,,,,,,,,,,,,,,,,,,,,,,,,,,,,,,,,,,,,
1645,Luke,false,,Likely Luke,,,,,,3,,,5,,,,,,,,,,,,,,,,,,,,,,,,,,,,,,,,,,,,,,,,,,,,,,,,,,,,,,
1646,Luke,false,,Luke of Longtown,At Longtown,,,,,8,,,,,,,,,,,,,,,,,,,,,,,,,,,,,,,,,,,,,,,,,,,,,,,,,,,,,,,,,
1647,Lum,false,,,,,,,,3,,229,5,,,,,,,,,,,,,,,,,,,,,,,,,,,,,,,,,,,,,,,,,,,,,,,,,,,,,,
1648,Luton,false,Northmen,,,"In 300 AC, at Winterfell",,,,8,,34,,,,,,,,,,,,,,,,,,,,,,,,,,,,,,,,,,,,,,,,,,,,,,,,,,,,,,,
1649,Luwin,false,Westeros,,,"In 299 AC, at Winterfell",,,,1,Donald Sumpter,362,2,3,5,8,Season 1,Season 2,,,,,,,,,,,,,,,,,,,,,,,,,,,,,,,,,,,,,,,,,,,,,,,,,
1650,Lyanna Stark,true,Northmen,The She-Wolf,In 266 AC or 267 AC,"In 283 AC, at Tower of Joy",,,,11,Cordelia Hill,362,1,2,3,8,Season 6,,,,,,,,,,,,The Wolf Maid,Lya,,,,,,,,,,,,,,,,,,,,,,,,,,,,,,,,,,,,,
1651,Lync,false,,,,,,,,2,,,,,,,,,,,,,,,,,,,,,,,,,,,,,,,,,,,,,,,,,,,,,,,,,,,,,,,,,
1652,Lyonel,false,,,,,,,,2,,229,,,,,,,,,,Ser,,,,,,,,,,,,,,,,,,,,,,,,,,,,,,,,,,,,,,,,,,,,,
1653,Lysono Maar,false,Lysene,,At Lys,,,,,8,,,,,,,,,,,,,,,,,,,,,,,,,,,,,,,,,,,,,,,,,,,,,,,,,,,,,,,,,
1654,Mad Huntsman,false,,The Huntsman,,,,,,3,,,5,,,,,,,,,,,,,,,,,,,,,,,,,,,,,,,,,,,,,,,,,,,,,,,,,,,,,,
1655,Maddy,true,,,,,,,,5,,7,8,,,,,,,,,,,,,,,,,,,,,,,,,,,,,,,,,,,,,,,,,,,,,,,,,,,,,,
1656,Maerie,true,,,,At Riverlands,,,,3,,,,,,,,,,,,Goodwife,,,,,,,,,,,,,,,,,,,,,,,,,,,,,,,,,,,,,,,,,,,,,
1657,Maerie,true,,Maerie the Whore,,"In 299 AC, at Riverlands",,,,3,,,,,,,,,,,,,,,,,,,,,,,,,,,,,,,,,,,,,,,,,,,,,,,,,,,,,,,,,
1658,Mag Mar Tun Doh Weg,false,,Mag the Mighty,At Beyond the Wall,"In 300 AC, at Castle Black",,,,3,,,5,8,,,,,,,,,,,,,,,,,,,,,,,,,,,,,,,,,,,,,,,,,,,,,,,,,,,,,
1659,Maggy,true,,Maggy the Frog,,,,,,3,Jodhi May,,5,,,,Season 5,,,,,,,,,,,,,,,,,,,,,,,,,,,,,,,,,,,,,,,,,,,,,,,,,,
1660,Mago,false,Dothraki,,,,,,,1,Ivailo Dimitrov,,3,5,8,,Season 1,,,,,Bloodrider of Khal Jhaqo,,,,,,,,,,,,,,,,,,,,,,,,,,,,,,,,,,,,,,,,,,,,,
1661,Malcolm,false,,,,,,,,2,,,,,,,,,,,,Ser,,,,,,,,,,,,,,,,,,,,,,,,,,,,,,,,,,,,,,,,,,,,,
1662,Malleon,false,,,,,,,,1,,,,,,,,,,,,Grand Maester,,,,,,,,,,,,,,,,,,,,,,,,,,,,,,,,,,,,,,,,,,,,,
1663,Malliard,false,,,,,,,,2,,,,,,,,,,,,Wisdom,,,,,,,,,,,,,,,,,,,,,,,,,,,,,,,,,,,,,,,,,,,,,
1664,Mallor,false,,,,,,,,7,,,,,,,,,,,,Ser,,,,,,,,,,,,,,,,,,,,,,,,,,,,,,,,,,,,,,,,,,,,,
1665,Mallor,false,,Mallor the Dornishman,,,,,,1,,229,,,,,,,,,,,,,,,,,,,,,,,,,,,,,,,,,,,,,,,,,,,,,,,,,,,,,,,
1666,Mance Rayder,false,Free folk,The Mance,", at Beyond the Wall",,,,1311,1,Ciarán Hinds,,2,3,5,8,Season 3,Season 4,Season 5,,,King-Beyond-the-Wall,,,,,,,Abel,The Unburnt King,,,,,,,,,,,,,,,,,,,,,,,,,,,,,,,,,,,,,
1667,Marei,true,,,In 280 AC or before,,,,,2,Josephine Gillan,,3,5,8,,Season 2,Season 3,Season 4,Season 5,,,,,,,,,,,,,,,,,,,,,,,,,,,,,,,,,,,,,,,,,,,,,,,
1668,Marghaz zo Loraq,false,Ghiscari,,At Meereen,,,,,8,,,,,,,,,,,,,,,,,,,,,,,,,,,,,,,,,,,,,,,,,,,,,,,,,,,,,,,,,
1669,Marianne Vance,true,,,In or between 262 AC and 293 AC,,,,,2,,,3,5,,,,,,,,,,,,,,,,,,,,,,,,,,,,,,,,,,,,,,,,,,,,,,,,,,,,,
1670,Marillion,false,,,In 279 AC or 280 AC,"In 300 AC, at the Eyrie",,,,1,Emun Elliott.,,2,3,5,,Season 1,,,,,,,,,,,,,,,,,,,,,,,,,,,,,,,,,,,,,,,,,,,,,,,,,,
1671,Maris,true,Free folk,Black Maris,,,,,,8,,,,,,,,,,,,,,,,,,,,,,,,,,,,,,,,,,,,,,,,,,,,,,,,,,,,,,,,,
1672,Maris the Maid,true,,The Most Fair,,,,,,11,,,,,,,,,,,,Queen,,,,,,,,,,,,,,,,,,,,,,,,,,,,,,,,,,,,,,,,,,,,,
1673,Marq Grafton,false,,,,"In 282 AC, at Gulltown",,,,8,,160,,,,,,,,,,,,,,,,,,,,,,,,,,,,,,,,,,,,,,,,,,,,,,,,,,,,,,,
1674,Martyn Rivers,false,,,,,,,,1,,143,2,3,5,8,,,,,,,,,,,,,,,,,,,,,,,,,,,,,,,,,,,,,,,,,,,,,,,,,,,
1675,Marwyn,false,,Marwyn the Mage,,,,,,1,,,3,5,,,,,,,,Archmaester,,,,,,,The Mage,The mastiff,,,,,,,,,,,,,,,,,,,,,,,,,,,,,,,,,,,,,
1676,Marya Seaworth,true,,,,,,,1319,2,,340,3,5,8,,,,,,,Lady,,,,,,,,,,,,,,,,,,,,,,,,,,,,,,,,,,,,,,,,,,,,,
1677,Masha Heddle,true,,,,"In 298 AC, at the Riverlands",,,,1,Susie Kelly,,2,,,,Season 1,,,,,,,,,,,,,,,,,,,,,,,,,,,,,,,,,,,,,,,,,,,,,,,,,,
1678,Maslyn,false,,,,"In 299 AC, at Fist of the First Men",,,,3,,,,,,,,,,,,,,,,,,,,,,,,,,,,,,,,,,,,,,,,,,,,,,,,,,,,,,,,,
1679,Mathos Mallarawan,false,Qartheen,,,,,,,2,,,,,,,,,,,,,,,,,,,,,,,,,,,,,,,,,,,,,,,,,,,,,,,,,,,,,,,,,
1680,Matrice,true,,,,,,,,2,,15,,,,,,,,,,,,,,,,,,,,,,,,,,,,,,,,,,,,,,,,,,,,,,,,,,,,,,,
1681,Matt,false,,Little Matt,,At the Riverlands,,,,3,,,,,,,,,,,,,,,,,,,,,,,,,,,,,,,,,,,,,,,,,,,,,,,,,,,,,,,,,
1682,Matthar,false,,Ser Loon,,,,,,1,,,2,5,3,8,,,,,,,,,,,,,,,,,,,,,,,,,,,,,,,,,,,,,,,,,,,,,,,,,,,
1683,Matthos Seaworth,false,,,,"In 299 AC, at Blackwater Rush",,,,2,Kerr Logan,340,3,5,8,,Season 2,,,,,,,,,,,,,,,,,,,,,,,,,,,,,,,,,,,,,,,,,,,,,,,,,,
1684,Mawney,false,,,,"In 300 AC, at Beyond the Wall",,,,3,,,5,8,,,,,,,,,,,,,,,,,,,,,,,,,,,,,,,,,,,,,,,,,,,,,,,,,,,,,
1685,Maynard,false,,,,,,,,3,,,5,,,,,,,,,Ser,,,,,,,,,,,,,,,,,,,,,,,,,,,,,,,,,,,,,,,,,,,,,
1686,Mazdhan zo Loraq,false,Ghiscari,The Magnificent,,,,,,8,,,,,,,,,,,,,,,,,,,,,,,,,,,,,,,,,,,,,,,,,,,,,,,,,,,,,,,,,
1687,Mebble,false,,Pinkeye,,,,,,2,,,,,,,,,,,,,,,,,,,,,,,,,,,,,,,,,,,,,,,,,,,,,,,,,,,,,,,,,
1688,Medwick Tyrell,false,,,,,,,,3,,,5,,,,,,,,,Maester,,,,,,,,,,,,,,,,,,,,,,,,,,,,,,,,,,,,,,,,,,,,,
1689,Meg,true,,Swampy Meg,,,,,,5,,,,,,,,,,,,,,,,,,,,,,,,,,,,,,,,,,,,,,,,,,,,,,,,,,,,,,,,,
1690,Megette,true,,Merry Meg,,In 159 AC,,,,11,,,,,,,,,,,,,,,,,,,,,,,,,,,,,,,,,,,,,,,,,,,,,,,,,,,,,,,,,
1691,Meha,true,Free Folk,,,,,,,8,,,,,,,,,,,,,,,,,,,,,,,,,,,,,,,,,,,,,,,,,,,,,,,,,,,,,,,,,
1692,Meizo Mahr,false,,,,,,,,3,,,,,,,,,,,,,,,,,,,,,,,,,,,,,,,,,,,,,,,,,,,,,,,,,,,,,,,,,
1693,Mela,true,,,,,,,,5,,7,8,,,,,,,,,,,,,,,,,,,,,,,,,,,,,,,,,,,,,,,,,,,,,,,,,,,,,,
1694,Melaquin,false,,,,,,,,7,,,,,,,,,,,,Maester,,,,,,,,,,,,,,,,,,,,,,,,,,,,,,,,,,,,,,,,,,,,,
1695,Meliana,true,,Lady Meliana,,,,,,3,,,,,,,,,,,,,,,,,,,,,,,,,,,,,,,,,,,,,,,,,,,,,,,,,,,,,,,,,
1696,Mellara Rivers,true,,,,,,,,2,,143,3,5,8,,,,,,,,,,,,,,,,,,,,,,,,,,,,,,,,,,,,,,,,,,,,,,,,,,,,
1697,Mellario,true,Norvoshi,Mellario of Norvos,In or between 248 AC and 263 AC,,,,326,1,,285,2,3,5,8,,,,,,,,,,,,,,,,,,,,,,,,,,,,,,,,,,,,,,,,,,,,,,,,,,,
1698,Mellei,true,,,,,,,,5,,285,,,,,,,,,,,,,,,,,,,,,,,,,,,,,,,,,,,,,,,,,,,,,,,,,,,,,,,
1699,Mellos,false,,,,,,,,10,,,,,,,,,,,,Grand Maester,,,,,,,,,,,,,,,,,,,,,,,,,,,,,,,,,,,,,,,,,,,,,
1700,Melly,true,,,,,,,,3,,,,,,,,,,,,,,,,,,,,,,,,,,,,,,,,,,,,,,,,,,,,,,,,,,,,,,,,,
1701,Melwys Rivers,false,,,,,,,,2,,,3,5,8,,,,,,,Maester,,,,,,,,,,,,,,,,,,,,,,,,,,,,,,,,,,,,,,,,,,,,,
1702,Meralyn,false,Braavosi,Merry,,,,,,5,,,,,,,,,,,,,,,,,,,,,,,,,,,,,,,,,,,,,,,,,,,,,,,,,,,,,,,,,
1703,Mero,false,Braavosi,The Titan's Bastard,,"In 299 AC, at Meereen",,,,3,Mark Killeen,,8,,,,Season 3,,,,,,,,,,,,Mero of Braavos,,,,,,,,,,,,,,,,,,,,,,,,,,,,,,,,,,,,,,
1704,Merrit,false,,Merrit o' Moontown,,,,,,3,,,5,,,,,,,,,,,,,,,,,,,,,,,,,,,,,,,,,,,,,,,,,,,,,,,,,,,,,,
1705,Mezzara,true,Ghiscari,,At Meereen,,,,,8,,,,,,,,,,,,Cupbearer,,,,,,,,,,,,,,,,,,,,,,,,,,,,,,,,,,,,,,,,,,,,,
1706,Mikken,false,Northmen,,,"In 299 AC, at Winterfell",,,,1,Boyd Rankin,362,2,3,5,8,Season 1,,,,,,,,,,,,,,,,,,,,,,,,,,,,,,,,,,,,,,,,,,,,,,,,,,
1707,Miklaz,false,Ghiscari,,At Meereen,,,,,8,,,,,,,,,,,,Cupbearer,,,,,,,,,,,,,,,,,,,,,,,,,,,,,,,,,,,,,,,,,,,,,
1708,Mirri Maz Duur,true,Lhazareen,,"In 257 AC, 258 AC or 259 AC, at Essos. Either in Lhazar, or in an unnamed Lhazareen settlement of the Dothraki sea.","In 299 AC, at the red waste",,,,1,Mia Soteriou,,2,3,5,8,Season 1,,,,,Godswife,Maegi,,,,,,,,,,,,,,,,,,,,,,,,,,,,,,,,,,,,,,,,,,,,
1709,Missandei,true,Naathi,,"In 288 AC or 289 AC, at Naath",,,,,3,Nathalie Emmanuel,378,5,8,,,Season 3,Season 4,Season 5,Season 6,,,,,,,,,,,,,,,,,,,,,,,,,,,,,,,,,,,,,,,,,,,,,,,
1710,Mohor,false,,,,"In 298 AC, at Mountains of the Moon",,,,1,,37,,,,,,,,,,,,,,,,,,,,,,,,,,,,,,,,,,,,,,,,,,,,,,,,,,,,,,,
1711,Mollander,false,,Hopfrog,,,,,,5,,,,,,,,,,,,,,,,,,,,,,,,,,,,,,,,,,,,,,,,,,,,,,,,,,,,,,,,,
1712,Mollos,false,,,,,,,,5,,,,,,,,,,,,Archmaester,,,,,,,,,,,,,,,,,,,,,,,,,,,,,,,,,,,,,,,,,,,,,
1713,Moon Boy,false,,,,,,,,1,,16,2,3,5,8,,,,,,,,,,,,,,,,,,,,,,,,,,,,,,,,,,,,,,,,,,,,,,,,,,,
1714,Moonshadow,true,,The Moonshadow,,,,,,5,,,,,,,,,,,,,,,,,,,,,,,,,,,,,,,,,,,,,,,,,,,,,,,,,,,,,,,,,
1715,Mord,false,,,,,,,,1,Ciaran Birmingham,7,2,3,5,8,Season 1,,,,,,,,,,,,,,,,,,,,,,,,,,,,,,,,,,,,,,,,,,,,,,,,,,
1716,Moredo Prestayn,false,Braavosi,,,,,,,5,,,,,,,,,,,,Tradesman-Captain,,,,,,,,,,,,,,,,,,,,,,,,,,,,,,,,,,,,,,,,,,,,,
1717,Moreo Tumitis,false,,,In 268 AC or before,,,,,1,,,,,,,,,,,,,,,,,,,,,,,,,,,,,,,,,,,,,,,,,,,,,,,,,,,,,,,,,
1718,Morgan Martell,false,Andal,,,,,,,11,,285,,,,,,,,,,Lord of the Sandship,,,,,,,,,,,,,,,,,,,,,,,,,,,,,,,,,,,,,,,,,,,,,
1719,Morgarth,false,,Morgarth the Merry,,,,,,5,,11,8,,,,,,,,,Ser,,,,,,,,,,,,,,,,,,,,,,,,,,,,,,,,,,,,,,,,,,,,,
1720,Morna White Mask,true,Free Folk,,,,,,,8,,,,,,,,,,,,,,,,,,,,,,,,,,,,,,,,,,,,,,,,,,,,,,,,,,,,,,,,,
1721,Moro,false,Dothraki,,,,,,,1,Joe Naufahu,,5,,,,Season 6,,,,,Khal,,,,,,,,,,,,,,,,,,,,,,,,,,,,,,,,,,,,,,,,,,,,,
1722,Morosh the Myrman,false,Myrish,,,,,,,2,,,,,,,,,,,,,,,,,,,,,,,,,,,,,,,,,,,,,,,,,,,,,,,,,,,,,,,,,
1723,Morra,true,,,,,,,,5,,285,,,,,,,,,,,,,,,,,,,,,,,,,,,,,,,,,,,,,,,,,,,,,,,,,,,,,,,
1724,Morrec,false,,,,"In 298 AC, at Mountains of the Moon",,,,1,,229,,,,,,,,,,,,,,,,,,,,,,,,,,,,,,,,,,,,,,,,,,,,,,,,,,,,,,,
1725,Mors Martell,false,Dornish,,,,,,782,11,,285,1,5,,,,,,,,Lord of the Sandship,Prince of Dorne,,,,,,,,,,,,,,,,,,,,,,,,,,,,,,,,,,,,,,,,,,,,
1726,Mortimer Boggs,false,,,,,,,,7,,31,,,,,,,,,,Ser,,,,,,,,,,,,,,,,,,,,,,,,,,,,,,,,,,,,,,,,,,,,,
1727,Morton Waynwood,false,,,,,,,,1,,417,2,3,5,8,,,,,,Ser,,,,,,,,,,,,,,,,,,,,,,,,,,,,,,,,,,,,,,,,,,,,,
1728,Mother Mole,true,Free Folk,,,,,,,8,,,,,,,,,,,,,,,,,,,,,,,,,,,,,,,,,,,,,,,,,,,,,,,,,,,,,,,,,
1729,Mudge,false,,,,,,,,3,,,5,,,,,,,,,,,,,,,,,,,,,,,,,,,,,,,,,,,,,,,,,,,,,,,,,,,,,,
1730,Mudge,false,,,,At Donnelwood,,,,3,,,,,,,,,,,,,,,,,,,,,,,,,,,,,,,,,,,,,,,,,,,,,,,,,,,,,,,,,
1731,Mudge,false,,,,,,,,6,,291,,,,,,,,,,,,,,,,,,,,,,,,,,,,,,,,,,,,,,,,,,,,,,,,,,,,,,,
1732,Mullin,false,,,,,,,,2,,,3,5,8,,,,,,,Maester,,,,,,,,,,,,,,,,,,,,,,,,,,,,,,,,,,,,,,,,,,,,,
1733,Mully,false,,,,,,,,3,,,5,8,,,,,,,,,,,,,,,,,,,,,,,,,,,,,,,,,,,,,,,,,,,,,,,,,,,,,
1734,Munciter,false,,,,,,,,2,,,,,,,,,,,,Wisdom,,,,,,,,,,,,,,,,,,,,,,,,,,,,,,,,,,,,,,,,,,,,,
1735,Munda,true,Free Folk,,,,,,1917,3,,,5,8,,,,,,,,,,,,,,,,,,,,,,,,,,,,,,,,,,,,,,,,,,,,,,,,,,,,,
1736,Murch,false,,,,,,,,2,,,,,,,,,,,,,,,,,,,,,,,,,,,,,,,,,,,,,,,,,,,,,,,,,,,,,,,,,
1737,Murch,false,Northmen,,,,,,,2,,362,,,,,,,,,,,,,,,,,,,,,,,,,,,,,,,,,,,,,,,,,,,,,,,,,,,,,,,
1738,Murenmure,false,,,,,,,,5,,,,,,,,,,,,Maester,,,,,,,,,,,,,,,,,,,,,,,,,,,,,,,,,,,,,,,,,,,,,
1739,Mushroom,false,,Mushroom,,In or after 136AC,,,,11,,378,10,9,,,,,,,,,,,,,,,,,,,,,,,,,,,,,,,,,,,,,,,,,,,,,,,,,,,,,
1740,Muttering Bill,false,,,,"In 300 AC, at the haunted forest",,,,3,,,5,8,,,,,,,,,,,,,,,,,,,,,,,,,,,,,,,,,,,,,,,,,,,,,,,,,,,,,
1741,Mya Stone,true,,,"In 279 AC or 280 AC, at The Vale of Arryn",,,,,1,,329,2,3,5,8,,,,,,,,,,,,,,,,,,,,,,,,,,,,,,,,,,,,,,,,,,,,,,,,,,,
1742,Mycah,false,Westeros,,In 285 AC,"In 298 AC, at Riverlands, near the Ruby Ford.",,,,1,Rhodri Hosking,,2,3,,,Season 1,,,,,,,,,,,,,,,,,,,,,,,,,,,,,,,,,,,,,,,,,,,,,,,,,,
1743,Myles,false,,,,,,,,5,,285,8,,,,,,,,,Maester,,,,,,,,,,,,,,,,,,,,,,,,,,,,,,,,,,,,,,,,,,,,,
1744,Myles,false,,,,"In 299 AC, at Riverrun",,,,2,,395,,,,,,,,,,,,,,,,,,,,,,,,,,,,,,,,,,,,,,,,,,,,,,,,,,,,,,,
1745,Myrtle,true,Free Folk,,,"In 300 AC, at Winterfell",,,,8,,,,,,,,,,,,,,,,,,,,,,,,,,,,,,,,,,,,,,,,,,,,,,,,,,,,,,,,,
1746,Mysaria,true,Lysene,"Misery, the White Worm",At Lys,,,,,10,,,9,11,,,,,,,,Mistress of whisperers,,,,,,,Lady Misery,,,,,,,,,,,,,,,,,,,,,,,,,,,,,,,,,,,,,,
1747,Nage,false,,,,,,,,3,,34,,,,,,,,,,,,,,,,,,,,,,,,,,,,,,,,,,,,,,,,,,,,,,,,,,,,,,,
1748,Nail,false,,,,,,,,8,,,,,,,,,,,,,,,,,,,,,,,,,,,,,,,,,,,,,,,,,,,,,,,,,,,,,,,,,
1749,Nan,true,,Old Nan,,,,,,1,Margaret John,362,2,3,5,8,Season 1,Season 6,,,,,,,,,,,,,,,,,,,,,,,,,,,,,,,,,,,,,,,,,,,,,Annette Tierney,,,,
1750,Narbert,false,,,,,,,,5,,,,,,,,,,,,Brother,Proctor,,,,,,,,,,,,,,,,,,,,,,,,,,,,,,,,,,,,,,,,,,,,
1751,Narbo,false,Braavosi,Little Narbo,,,,,,5,,,,,,,,,,,,,,,,,,,,,,,,,,,,,,,,,,,,,,,,,,,,,,,,,,,,,,,,,
1752,Ned,false,,,,,,,,7,,,,,,,,,,,,,,,,,,,,,,,,,,,,,,,,,,,,,,,,,,,,,,,,,,,,,,,,,
1753,Ned Woods,false,Northmen,Noseless Ned,,,,,,8,,432,,,,,,,,,,,,,,,,,,,,,,,,,,,,,,,,,,,,,,,,,,,,,,,,,,,,,,,
1754,Nella,true,Free Folk,,,,,,1293,2,,,3,5,,,,,,,,,,,,,,,,,,,,,,,,,,,,,,,,,,,,,,,,,,,,,,,,,,,,,
1755,Nestor Royce,false,,,,,,,,1,,329,2,3,5,8,,,,,,Keeper of the Gates of the Moon,High Steward of the Vale,,,,,,,,,,,,,,,,,,,,,,,,,,,,,,,,,,,,,,,,,,,,
1756,Nettles,true,,Netty,In 113 AC,,,,,11,,,9,,,,,,,,,,,,,,,,,,,,,,,,,,,,,,,,,,,,,,,,,,,,,,,,,,,,,,
1757,Nissa Nissa,true,,,,,,,1179,2,,,,,,,,,,,,,,,,,,,,,,,,,,,,,,,,,,,,,,,,,,,,,,,,,,,,,,,,,
1758,Noho Dimittis,false,Braavosi,,,,,,,5,,,8,,,,,,,,,,,,,,,,,,,,,,,,,,,,,,,,,,,,,,,,,,,,,,,,,,,,,,
1759,Nolla,true,,,,At Riverlands,,,,3,,,,,,,,,,,,Goodwife,,,,,,,,,,,,,,,,,,,,,,,,,,,,,,,,,,,,,,,,,,,,,
1760,Norjen,false,Ironborn,,,,,,,5,,,,,,,,,,,,,,,,,,,,,,,,,,,,,,,,,,,,,,,,,,,,,,,,,,,,,,,,,
1761,Normund Tyrell,false,,,,,,,,3,,,5,,,,,,,,,Maester,,,,,,,,,,,,,,,,,,,,,,,,,,,,,,,,,,,,,,,,,,,,,
1762,Norne Goodbrother,false,Ironborn,,,,,,,2,,157,3,5,8,,,,,,,Lord of Shatterstone,,,,,,,,,,,,,,,,,,,,,,,,,,,,,,,,,,,,,,,,,,,,,
1763,Norren,false,,,,,,,,5,,,,,,,,,,,,Archmaester,,,,,,,,,,,,,,,,,,,,,,,,,,,,,,,,,,,,,,,,,,,,,
1764,Notch,false,,,,,,,,3,,,5,,,,,,,,,,,,,,,,,,,,,,,,,,,,,,,,,,,,,,,,,,,,,,,,,,,,,,
1765,Nute,false,Ironborn,Nute the Barber,,,,,,5,,169,8,,,,,,,,,Lord of Oakenshield,,,,,,,,,,,,,,,,,,,,,,,,,,,,,,,,,,,,,,,,,,,,,
1766,Nymeria Sand,true,Dornish,Lady Nym,In 274 AC or 275 AC,,,,,3,Jessica Henwick,285,5,8,,,Season 5,Season 6,,,,,,,,,,,,,,,,,,,,,,,,,,,,,,,,,,,,,,,,,,,,,,,,,
1767,Nymos,false,,,,,,,,5,,,,,,,,,,,,Archmaester,,,,,,,,,,,,,,,,,,,,,,,,,,,,,,,,,,,,,,,,,,,,,
1768,Obara Sand,true,Dornish,,"In 271 AC or 272 AC, at Oldtown",,,,,3,Keisha Castle-Hughes,285,5,8,,,Season 5,Season 6,,,,,,,,,,,,,,,,,,,,,,,,,,,,,,,,,,,,,,,,,,,,,,,,,
1769,Obella Sand,true,Dornish,,In 287 AC or 288 AC,,,,,3,,285,5,8,,,,,,,,,,,,,,,,,,,,,,,,,,,,,,,,,,,,,,,,,,,,,,,,,,,,,
1770,Oberyn Nymeros Martell,false,Dornish,The Red Viper,In 257 AC or 258 AC,"In 300 AC, at King's Landing",,,,1,Pedro Pascal,285,2,3,5,8,Season 4,,,,,Prince,,,,,,,,,,,,,,,,,,,,,,,,,,,,,,,,,,,,,,,,,,,,,
1771,Ocley,false,,,,,,,,5,,,,,,,,,,,,Archmaester,,,,,,,,,,,,,,,,,,,,,,,,,,,,,,,,,,,,,,,,,,,,,
1772,Ogo,false,Dothraki,,,"In 298 AC, at Dothraki sea",,,,1,,,,,,,,,,,,Khal,,,,,,,,,,,,,,,,,,,,,,,,,,,,,,,,,,,,,,,,,,,,,
1773,Old Grey Gull,true,Ironborn,,,,,,,5,,,8,,,,,,,,,,,,,,,,,,,,,,,,,,,,,,,,,,,,,,,,,,,,,,,,,,,,,,
1774,Old Henly,true,,,In or between 220 AC and 280 AC,"In 299 AC, at Castle Black",,,,3,,,,,,,,,,,,,,,,,,,,,,,,,,,,,,,,,,,,,,,,,,,,,,,,,,,,,,,,,
1775,Old Tattersalt,true,,Old Tattersalt,,,,,,5,,,8,,,,,,,,,,,,,,,,,,,,,,,,,,,,,,,,,,,,,,,,,,,,,,,,,,,,,,
1776,Ollo,false,Tyroshi,Ollo Lophand,,"In 300 AC, at the haunted forest",,,,3,,,5,8,,,,,,,,,,,,,,,,,,,,,,,,,,,,,,,,,,,,,,,,,,,,,,,,,,,,,
1777,Omer Blackberry,false,,,,,,,,3,,15,5,8,,,,,,,,,,,,,,,,,,,,,,,,,,,,,,,,,,,,,,,,,,,,,,,,,,,,,
1778,Omer Florent,false,,,,,,,,2,,,3,5,,,,,,,,Maester,,,,,,,,,,,,,,,,,,,,,,,,,,,,,,,,,,,,,,,,,,,,,
1779,Orbelo,false,Braavosi,,,,,,,5,,,,,,,,,,,,,,,,,,,,,,,,,,,,,,,,,,,,,,,,,,,,,,,,,,,,,,,,,
1780,Ordello,false,Pentoshi,,,"In 299 AC, at Pentos",,,,8,,,,,,,,,,,,Magister of Pentos,,,,,,,,,,,,,,,,,,,,,,,,,,,,,,,,,,,,,,,,,,,,,
1781,Orell,false,Free Folk,,,"In 299 AC, at Skirling Pass",,,,2,Mackenzie Crook,,3,5,8,,Season 3,,,,,,,,,,,,,,,,,,,,,,,,,,,,,,,,,,,,,,,,,,,,,,,,,,
1782,Orland of Oldtown,false,,Ormond of Oldtown,,,,,,3,,16,5,8,,,,,,,,,,,,,,,,,,,,,,,,,,,,,,,,,,,,,,,,,,,,,,,,,,,,,
1783,Ormond,false,,,,"In 299 AC, at Pennytree",,,,3,,,8,,,,,,,,,Ser,,,,,,,,,,,,,,,,,,,,,,,,,,,,,,,,,,,,,,,,,,,,,
1784,Oro Tendyris,false,Braavosi,,,,,,,2,,,3,5,,,,,,,,,,,,,,,,,,,,,,,,,,,,,,,,,,,,,,,,,,,,,,,,,,,,,
1785,Orphan Oss,false,,,,"In 300 AC, at the haunted forest",,,,3,,,5,8,,,,,,,,,,,,,,,,,,,,,,,,,,,,,,,,,,,,,,,,,,,,,,,,,,,,,
1786,Orwyle,false,,,,,,,,11,,,9,,,,,,,,,Grand Maester,,,,,,,,,,,,,,,,,,,,,,,,,,,,,,,,,,,,,,,,,,,,,
1787,Osha,true,Free Folk,,,,,,,1,Natalia Tena,362,2,3,5,8,Season 1,Season 2,Season 3,Season 6,,,,,,,,,,,,,,,,,,,,,,,,,,,,,,,,,,,,,,,,,,,,,,,
1788,Ossy,false,,,,,,,,5,,329,,,,,,,,,,,,,,,,,,,,,,,,,,,,,,,,,,,,,,,,,,,,,,,,,,,,,,,
1789,Oswyn,false,,Oswyn Longneck the Thrice-Hanged,,,,,,3,,,,,,,,,,,,,,,,,,,,,,,,,,,,,,,,,,,,,,,,,,,,,,,,,,,,,,,,,
1790,Othor,false,,,,"In 298 AC, at the haunted forest",,,,1,,,,,,,Season 1,,,,,,,,,,,,,,,,,,,,,,,,,,,,,,,,,,,,,,,,,,,,,,,,,,
1791,Otter Gimpknee,false,,,,,,,,2,,,3,,,,,,,,,,,,,,,,,,,,,,,,,,,,,,,,,,,,,,,,,,,,,,,,,,,,,,
1792,Ottomore,false,,Maester,,,,,,5,,,,,,,,,,,,,,,,,,,,,,,,,,,,,,,,,,,,,,,,,,,,,,,,,,,,,,,,,
1793,Owen,false,,,,At Stepstones,,,,5,,,,,,,,,,,,,,,,,,,,,,,,,,,,,,,,,,,,,,,,,,,,,,,,,,,,,,,,,
1794,Owen,false,,Owen the Oaf,,,,,,3,,,5,8,,,,,,,,,,,,,,,,,,,,,,,,,,,,,,,,,,,,,,,,,,,,,,,,,,,,,
1795,Oznak zo Pahl,false,Meereenese,,,"In 299 AC, at Meereen",,,,3,,,8,,,,,,,,,,,,,,,,,,,,,,,,,,,,,,,,,,,,,,,,,,,,,,,,,,,,,,
1796,Palla,true,Northmen,,,,,,,2,,362,5,,,,,,,,,,,,,,,,,,,,,,,,,,,,,,,,,,,,,,,,,,,,,,,,,,,,,,
1797,Patchface,false,,Patches,,,,,,2,,15,3,5,8,,,,,,,,,,,,,,,,,,,,,,,,,,,,,,,,,,,,,,,,,,,,,,,,,,,,
1798,Pate,false,,,In 291 AC or 292 AC,,,,,5,,16,8,,,,,,,,,,,,,,,,,,,,,,,,,,,,,,,,,,,,,,,,,,,,,,,,,,,,,,
1799,Pate,false,,Pate of the Blue Fork Pate of Sevenstreams,,"In 299 AC, at the riverlands",,,114,2,,143,3,5,,,,,,,,Ser,,,,,,,,,,,,,,,,,,,,,,,,,,,,,,,,,,,,,,,,,,,,,
1800,Pate,false,,Old Pate,,At Riverlands,,,,3,,,,,,,,,,,,,,,,,,,,,,,,,,,,,,,,,,,,,,,,,,,,,,,,,,,,,,,,,
1801,Pate,false,,Pinchbottom Pate,,"In 209 AC, at Little Dosk",,,,6,,,,,,,,,,,,,,,,,,,,,,,,,,,,,,,,,,,,,,,,,,,,,,,,,,,,,,,,,
1802,Pate,false,,Spotted Pate,,,,,,1,,,,,,,,,,,,,,,,,,,,,,,,,,,,,,,,,,,,,,,,,,,,,,,,,,,,,,,,,
1803,Pate,false,,,In or between 161 AC and 181 AC,,,,,6,,291,,,,,,,,,,,,,,,,,,,,,,,,,,,,,,,,,,,,,,,,,,,,,,,,,,,,,,,
1804,Pate of Lancewood,false,,,,At the Riverlands,,,,3,,,,,,,,,,,,,,,,,,,,,,,,,,,,,,,,,,,,,,,,,,,,,,,,,,,,,,,,,
1805,Pate of Mory,false,,,,At the Riverlands,,,,3,,,,,,,,,,,,,,,,,,,,,,,,,,,,,,,,,,,,,,,,,,,,,,,,,,,,,,,,,
1806,Pate of Shermer's Grove,false,,,,At the Riverlands,,,,3,,,,,,,,,,,,,,,,,,,,,,,,,,,,,,,,,,,,,,,,,,,,,,,,,,,,,,,,,
1807,Patrek Vance,false,,,In or between 264 AC and 294 AC,,,,,2,,,3,5,,,,,,,,,,,,,,,,,,,,,,,,,,,,,,,,,,,,,,,,,,,,,,,,,,,,,
1808,Pello of Tyrosh,false,Tyroshi,Greenbeard,,,,,,3,,,5,,,,,,,,,,,,,,,,,,,,,,,,,,,,,,,,,,,,,,,,,,,,,,,,,,,,,,
1809,Penny,true,,Lady Imp,"In 281 AC, 282 AC or 283 AC",,,,,3,,,8,,,,,,,,,,,,,,,,,,,,,,,,,,,,,,,,,,,,,,,,,,,,,,,,,,,,,,
1810,Perros Blackmont,false,Dornish,,,,,,,3,,24,5,,,,,,,,,,,,,,,,,,,,,,,,,,,,,,,,,,,,,,,,,,,,,,,,,,,,,,
1811,Pia,true,,Pretty Pia,At Harrenhal,,,,,2,,427,3,5,,,,,,,,,,,,,,,,,,,,,,,,,,,,,,,,,,,,,,,,,,,,,,,,,,,,,
1812,Plummer,false,,,,,,,,4,,8,,,,,,,,,,Steward of Ashford,,,,,,,,,,,,,,,,,,,,,,,,,,,,,,,,,,,,,,,,,,,,,
1813,Pollitor,false,,,,,,,,2,,,,,,,,,,,,Wisdom,,,,,,,,,,,,,,,,,,,,,,,,,,,,,,,,,,,,,,,,,,,,,
1814,Polliver,false,,Polly,,"In 300 AC, at Inn at the Crossroads",,,,2,Andy Kellegher,72,3,5,,,Season 2,Season 4,,,,Castellan of Harrenhal,,,,,,,,,,,,,,,,,,,,,,,,,,,,,,,,,,,,,,,,,,,,,
1815,Pono,false,Dothraki,,,,,,,1,,,2,3,5,8,,,,,,Khal,Ko (formerly),,,,,,,,,,,,,,,,,,,,,,,,,,,,,,,,,,,,,,,,,,,,
1816,Porther,false,Northmen,,,,,,,1,,362,2,,,,,,,,,,,,,,,,,,,,,,,,,,,,,,,,,,,,,,,,,,,,,,,,,,,,,,
1817,Portifer Woodwright,false,,,,,,,,5,,,,,,,,,,,,Ser,,,,,,,,,,,,,,,,,,,,,,,,,,,,,,,,,,,,,,,,,,,,,
1818,Poul Pemford,false,,,,"In 299 AC, at Riverrun",,,,2,,395,,,,,,,,,,,,,,,,,,,,,,,,,,,,,,,,,,,,,,,,,,,,,,,,,,,,,,,
1819,Poxy Tym,false,Northmen,,,"In 299 AC, at Winterfell",,,,2,,362,,,,,,,,,,,,,,,,,,,,,,,,,,,,,,,,,,,,,,,,,,,,,,,,,,,,,,,
1820,Praed,false,,,,"In 299 AC, at the Crownlands",,,,2,,,,,,,,,,,,,,,,,,,,,,,,,,,,,,,,,,,,,,,,,,,,,,,,,,,,,,,,,
1821,Prendahl na Ghezn,false,Ghiscari,,,"In 299 AC, at Yunkai",,,,3,Ramon Tikaram,,,,,,Season 3,,,,,,,,,,,,,,,,,,,,,,,,,,,,,,,,,,,,,,,,,,,,,,,,,,
1822,Puckens,false,,,,,,,,5,,229,,,,,,,,,,,,,,,,,,,,,,,,,,,,,,,,,,,,,,,,,,,,,,,,,,,,,,,
1823,Pudding,false,,,,,,,,7,,,,,,,,,,,,,,,,,,,,,,,,,,,,,,,,,,,,,,,,,,,,,,,,,,,,,,,,,
1824,Puddingfoot,false,,,,,,,,3,,,,,,,,,,,,,,,,,,,,,,,,,,,,,,,,,,,,,,,,,,,,,,,,,,,,,,,,,
1825,Pyat Pree,false,,,,,,,,2,Ian Hanmore,,3,5,8,,Season 2,,,,,Warlock,,,,,,,,,,,,,,,,,,,,,,,,,,,,,,,,,,,,,,,,,,,,,
1826,Pycelle,false,,,In 216 AC,"In 300 AC, at the Red Keep, King's Landing",,,,1,Julian Glover,378,2,3,5,8,Season 1,Season 2,Season 3,Season 4,Season 5,Grand Maester,,,,,,,,,,,,,,,,16,,,,,,,,229,,,,,,,,,,,,,,,,Season 6,,,,,
1827,Pyg,false,,,,"In 300 AC, at Whispers",,,,3,,,5,,,,,,,,,,,,,,,,,,,,,,,,,,,,,,,,,,,,,,,,,,,,,,,,,,,,,,
1828,Pylos,false,,,In 273 AC or 274 AC,,,,,2,,,3,5,8,,,,,,,Maester,,,,,,,,,,,,,,,,,,,,,,,,,,,,,,,,,,,,,,,,,,,,,
1829,Qalen,false,,,,In before 299,,,,2,,169,5,,,,,,,,,Maester,,,,,,,,,,,,,,,,,,,,,,,,,,,,,,,,,,,,,,,,,,,,,
1830,Qarl,false,Ironborn,Qarl the Maid,,,,,,2,,,3,5,8,,,,,,,,,,,,,,,,,,,,,,,,,,,,,,,,,,,,,,,,,,,,,,,,,,,,
1831,Qarl,false,Ironborn,Qarl the Thrall,,,,,,5,,,8,,,,,,,,,,,,,,,,,,,,,,,,,,,,,,,,,,,,,,,,,,,,,,,,,,,,,,
1832,Qarl,false,Ironborn,Qarl Quickaxe,,,,,,8,,,,,,,,,,,,,,,,,,,,,,,,,,,,,,,,,,,,,,,,,,,,,,,,,,,,,,,,,
1833,Qarl Correy,false,,,,,,,,10,,407,,,,,,,,,,Ser,,,,,,,,,,,,,,,,,,,,,,,,,,,,,,,,,,,,,,,,,,,,,
1834,Qarl Shepherd,false,Ironborn,,,,,,,8,,348,,,,,,,,,,,,,,,,,,,,,,,,,,,,,,,,,,,,,,,,,,,,,,,,,,,,,,,
1835,Qarro Volentin,false,Braavosi,,,,,,,5,,,,,,,,,,,,First Sword of Braavos,,,,,,,,,,,,,,,,,,,,,,,,,,,,,,,,,,,,,,,,,,,,,
1836,Qezza,true,Ghiscari,,At Meereen,,,,,8,,,,,,,,,,,,Cupbearer,,,,,,,,,,,,,,,,,,,,,,,,,,,,,,,,,,,,,,,,,,,,,
1837,Qos,false,,,,,,,,1,,,,,,,,,,,,Captain of the Wind Witch,,,,,,,,,,,,,,,,,,,,,,,,,,,,,,,,,,,,,,,,,,,,,
1838,Qotho,false,Dothraki,,,"In 298 AC, at Dothraki sea",,,,1,Dar Salim,,,,,,Season 1,,,,,Bloodrider of Khal Drogo,,,,,,,,,,,,,,,,,,,,,,,,,,,,,,,,,,,,,,,,,,,,,
1839,Quaithe,true,Asshai,Quaithe of the Shadow,,,,,,2,Laura Pradelska,,3,5,8,,Season 2,,,,,,,,,,,,,,,,,,,,,,,,,,,,,,,,,,,,,,,,,,,,,,,,,,
1840,Quaro,false,Dothraki,,,"In 298 AC, at Dothraki sea",,,,1,,,8,,,,,,,,,,,,,,,,,,,,,,,,,,,,,,,,,,,,,,,,,,,,,,,,,,,,,,
1841,Quellon Humble,false,Ironborn,,,,,,,5,,205,8,,,,,,,,,,,,,,,,,,,,,,,,,,,,,,,,,,,,,,,,,,,,,,,,,,,,,,
1842,Quence,false,Braavosi,,,,,,,5,,,,,,,,,,,,,,,,,,,,,,,,,,,,,,,,,,,,,,,,,,,,,,,,,,,,,,,,,
1843,Quent,false,Northmen,,,,,,,1,,362,2,3,5,,,,,,,,,,,,,,,,,,,,,,,,,,,,,,,,,,,,,,,,,,,,,,,,,,,,
1844,Quhuru Mo,false,Summer Isles,,,,,,,2,,,5,,,,,,,,,,,,,,,,,,,,,,,,,,,,,,,,,,,,,,,,,,,,,,,,,,,,,,
1845,Quill,false,Braavosi,,,,,,,5,,,,,,,,,,,,,,,,,,,,,,,,,,,,,,,,,,,,,,,,,,,,,,,,,,,,,,,,,
1846,Quincy Cox,false,,,,,,,,5,,84,,,,,,,,,,Serthe Knight of Saltpans,,,,,,,,,,,,,,,,,,,,,,,,,,,,,,,,,,,,,,,,,,,,,
1847,Quort,false,,,In or between 285 AC and 287 AC,"In +/-299 AC, at Castle Black",,,,3,,,,,,,,,,,,,,,,,,,,,,,,,,,,,,,,,,,,,,,,,,,,,,,,,,,,,,,,,
1848,Qyburn,false,,The Bloody Maester,In 217AC or after,,,,,2,Anton Lesser,229,3,5,8,,Season 3,Season 4,Season 5,Season 6,,Master of whisperers,,,,,,,,,,,,,,,,,,,,,,,,,,,,,,,,,,,,,,,,,,,,,
1849,Qyle,false,,,,"In 299 AC, at Gods Eye",,,,2,,,,,,,,,,,,,,,,,,,,,,,,,,,,,,,,,,,,,,,,,,,,,,,,,,,,,,,,,
1850,Racallio Ryndoon,false,Tyroshi,,,,,,,10,,,,,,,,,,,,,,,,,,,,,,,,,,,,,,,,,,,,,,,,,,,,,,,,,,,,,,,,,
1851,Rafe,false,,,,,,,,7,,,,,,,,,,,,,,,,,,,,,,,,,,,,,,,,,,,,,,,,,,,,,,,,,,,,,,,,,
1852,Rafford,false,,Raff the Sweetling,,"In 300 AC, at Braavos",,,,2,,72,3,5,8,,,,,,,,,,,,,,,,,,,,,,,,,,,,,,,,,,,,,,,,,,,,,,,,,,,,
1853,Ragnor Pyke,false,Ironborn,,,,,,,5,,169,,,,,,,,,,,,,,,,,,,,,,,,,,,,,,,,,,,,,,,,,,,,,,,,,,,,,,,
1854,Ragwyle,false,Free folk,,,,,,,2,,,3,5,8,,,,,,,,,,,,,,,,,,,,,,,,,,,,,,,,,,,,,,,,,,,,,,,,,,,,
1855,Rainbow Knight,false,,Rainbow Knight,,,,,,1,,,,,,,,,,,,,,,,,,,,,,,,,,,,,,,,,,,,,,,,,,,,,,,,,,,,,,,,,
1856,Rakharo,false,Dothraki,,,,,,,1,Elyes Gabel,378,2,3,5,8,Season 1,Season 2,,,,Ko,Bloodrider of Daenerys Targaryen,,,,,,,,,,,,,,,,,,,,,,,,,,,,,,,,,,,,,,,,,,,,
1857,Ralf,false,Ironborn,Ralf of Lordsport,,,,,,5,,,8,,,,,,,,,,,,,,,,,,,,,,,,,,,,,,,,,,,,,,,,,,,,,,,,,,,,,,
1858,Ralf,false,Ironborn,Ralf the Shepherd,,,,,,5,,,8,,,,,,,,,,,,,,,,,,,,,,,,,,,,,,,,,,,,,,,,,,,,,,,,,,,,,,
1859,Ralf the Limper,false,Ironborn,,,,,,,5,,,8,,,,,,,,,Captain of the Lord Quellon,,,,,,,,,,,,,,,,,,,,,,,,,,,,,,,,,,,,,,,,,,,,,
1860,Randa,true,,,,At the Riverlands,,,,3,,,,,,,,,,,,,,,,,,,,,,,,,,,,,,,,,,,,,,,,,,,,,,,,,,,,,,,,,
1861,Rast,false,,Rat,,"In +/- 299 AC, at Castle Black",,,,1,Luke McEwan,,2,3,,,Season 1,Season 3,Season 4,,,,,,,,,,,,,,,,,,,,,,,,,,,,,,,,,,,,,,,,,,,,,,,,
1862,Rat Cook,false,,Rat Cook,,,,,,11,,,3,8,,,,,,,,,,,,,,,,,,,,,,,,,,,,,,,,,,,,,,,,,,,,,,,,,,,,,
1863,Rawney,false,,,,,,,,5,,,,,,,,,,,,Brother,,,,,,,,,,,,,,,,,,,,,,,,,,,,,,,,,,,,,,,,,,,,,
1864,Raymar Royce,false,,,,,,,,3,,329,,,,,,,,,,Lord,,,,,,,,,,,,,,,,,,,,,,,,,,,,,,,,,,,,,,,,,,,,,
1865,Raymond Nayland,false,,,,,,,,5,,279,,,,,,,,,,Ser,,,,,,,,,,,,,,,,,,,,,,,,,,,,,,,,,,,,,,,,,,,,,
1866,Raymun Redbeard,false,Free Folk,,,"In 226 AC, at Long Lake",,,,2,,,8,11,,,,,,,,King-Beyond-the-Wall,,,,,,,,,,,,,,,,,,,,,,,,,,,,,,,,,,,,,,,,,,,,,
1867,Red Lamb,false,Lhazareen,Red Lamb,,,,,,8,,378,,,,,,,,,,Ser,,,,,,,,,,,,,,,,,,,,,,,,,,,,,,,,,,,,,,,,,,,,,
1868,Red Oarsman,false,Ironborn,,,,,,,5,,,8,,,,,,,,,,,,,,,,,,,,,,,,,,,,,,,,,,,,,,,,,,,,,,,,,,,,,,
1869,Redtusk,false,,,,,,,,6,,,,,,,,,,,,Ser,,,,,,,,,,,,,,,,,,,,,,,,,,,,,,,,,,,,,,,,,,,,,
1870,Rennifer Longwaters,false,,,,,,,,5,,243,8,,,,,,,,,Chief Undergaoler,,,,,,,,,,,,,,,,,,,,,,,,,,,,,,,,,,,,,,,,,,,,,
1871,Reysen,false,,,,,,,,2,,,,,,,,,,,,,,,,,,,,,,,,,,,,,,,,,,,,,,,,,,,,,,,,,,,,,,,,,
1872,Reznak mo Reznak,false,Ghiscari,,At Meereen,,,,,8,,378,,,,,,,,,,Seneschal,,,,,,,,,,,,,,,,,,,,,,,,,,,,,,,,,,,,,,,,,,,,,
1873,Rhaego,false,,The stallion who mounts the world,"In 298 AC, at Dothraki Sea","In 298 AC or 299 AC, at Lhazar",,,,1,,378,2,3,5,,,,,,,,,,,,,,,,,,,,,,,,,,,,,,,,,,,,,,,,,,,,,,,,,,,,
1874,Rhaenys Targaryen,true,Valyrian,,"In 25 BC or 26 BC, at Dragonstone","In 10 AC, at Hellholt",,,38,11,,378,1,,,,,,,,,Queen,,,,,,,,,,,,,,,,,,,,,,,,,,,,,,,,,,,,,,,,,,,,,
1875,Rhogoro,false,Dothraki,,,,,,,1,,,5,,,,,,,,,Khalakka,,,,,,,,,,,,,,,,,,,,,,,,,,,,,,,,,,,,,,,,,,,,,
1876,Ricasso,false,,,,,,,,5,,285,8,,,,,,,,,Seneschal of Sunspear,,,,,,,,,,,,,,,,,,,,,,,,,,,,,,,,,,,,,,,,,,,,,
1877,Richard Farrow,false,,,,"In 299 AC, at the Battle of the Blackwater",,,,5,,,,,,,,,,,,Ser,,,,,,,,,,,,,,,,,,,,,,,,,,,,,,,,,,,,,,,,,,,,,
1878,Rigney,false,,,,,,,,5,,,,,,,,,,,,Archmaester,,,,,,,,,,,,,,,,,,,,,,,,,,,,,,,,,,,,,,,,,,,,,
1879,Rob,false,,Big Rob,,,,,,6,,291,,,,,,,,,,,,,,,,,,,,,,,,,,,,,,,,,,,,,,,,,,,,,,,,,,,,,,,
1880,Robb Stark,false,,The Young Wolf,"283 AC, at Riverrun","299 AC, at the Twins",339,232,561,1,Richard Madden,,2,3,5,8,Season 1,Season 2,Season 3,,,King in the North,"King of the Trident
Lord of Winterfell",,,,,,The King Who Lost the North,Robb the Lord,The Boy Wolf,,,,,,,,,,,,,,,,,,,,,,,,,,,,,,,,,,,,
1881,Robin,false,,,,At Stepstones,,,,5,,,,,,,,,,,,,,,,,,,,,,,,,,,,,,,,,,,,,,,,,,,,,,,,,,,,,,,,,
1882,Robin Flint,false,,,,"In 299 AC, at the Twins",,,,1,,132,2,3,5,,,,,,,Lord of Flint's Finger,,,,,,,,,,,,,,,,131,,,,,,,,,,,,,,,,,,,,,,,,,,,,,
1883,Robin Potter,false,,,,,,,,5,,,,,,,,,,,,Ser,,,,,,,,,,,,,,,,,,,,,,,,,,,,,,,,,,,,,,,,,,,,,
1884,Rodrik Arryn,false,,,,,,,265,11,,7,10,9,,,,,,,,Lord of the Eyrie,,,,,,,,,,,,,,,,,,,,,,,,,,,,,,,,,,,,,,,,,,,,,
1885,Rodrik Flint,false,,,,,,,,3,,,,,,,,,,,,Lord Commander of the Night's Watch,,,,,,,,,,,,,,,,,,,,,,,,,,,,,,,,,,,,,,,,,,,,,
1886,Rodrik Freeborn,false,Ironborn,,,,,,,5,,,8,,,,,,,,,,,,,,,,,,,,,,,,,,,,,,,,,,,,,,,,,,,,,,,,,,,,,,
1887,Roger Hogg,false,,,,,,,,5,,197,,,,,,,,,,Ser,Knight of Sow's Horn,,,,,,,,,,,,,,,,,,,,,,,,,,,,,,,,,,,,,,,,,,,,
1888,Roger Ryswell,false,Northmen,,,,,,,5,,335,8,,,,,,,,,,,,,,,,,,,,,,,,,,,,,,,,,,,,,,,,,,,,,,,,,,,,,,
1889,Roger of Pennytree,false,,,At Pennytree,"In 194 AC, at the Redgrass Field",,,,6,,,7,,,,,,,,,,,,,,,,,,,,,,,,,,,,,,,,,,,,,,,,,,,,,,,,,,,,,,
1890,Roggo,false,Braavosi,Red Roggo,,,,,,5,,,,,,,,,,,,,,,,,,,,,,,,,,,,,,,,,,,,,,,,,,,,,,,,,,,,,,,,,
1891,Rohanne Webber,true,,The Red Widow,In 185 AC or 186 AC,,,,982,11,,419,6,,,,,,,,,Lady of Coldmoat,Lady of Standfast,Lady of Casterly Rock,,,,,,,,,,,,,,291,,,,,,,,229,,,,,,,,,,,,,,,,,,,,,
1892,Rolder,false,,,,,,,,5,,229,,,,,,,,,,,,,,,,,,,,,,,,,,,,,,,,,,,,,,,,,,,,,,,,,,,,,,,
1893,Rolfe,false,,Red Rolfe,,"In 299 AC, at Winterfell",,,,2,,169,,,,,,,,,,,,,,,,,,,,,,,,,,,,,,,,,,,,,,,,,,,,,,,,,,,,,,,
1894,Rolfe,false,,,,,,,,2,,,,,,,,,,,,,,,,,,,,,,,,,,,,,,,,,,,,,,,,,,,,,,,,,,,,,,,,,
1895,Rolland Longthorpe,false,,,,,,,,5,,242,8,,,,,,,,,Lord of Longsister,,,,,,,,,,,,,,,,,,,,,,,,,,,,,,,,,,,,,,,,,,,,,
1896,Rolley of Sisterton,false,Sistermen,,At Sisterton,"In 299 AC, at Craster's Keep",,,,3,,,,,,,,,,,,,,,,,,,,,,,,,,,,,,,,,,,,,,,,,,,,,,,,,,,,,,,,,
1897,Rolly Duckfield,false,,Duck,At Bitterbridge,,,,,8,,378,,,,,,,,,,Ser,,,,,,,Ser Duck,,,,,,,,,,,,,,,,,,,,,,,,,,,,,,,,,,,,,,
1898,Romny Weaver,false,Ironborn,,,,,,,5,,418,,,,,,,,,,,,,,,,,,,,,,,,,,,,,,,,,,,,,,,,,,,,,,,,,,,,,,,
1899,Ronald Storm,false,,,,,,,,8,,80,,,,,,,,,,,,,,,,,,,,,,,,,,,,,,,,,,,,,,,,,,,,,,,,,,,,,,,
1900,Ronel Rivers,false,,,,,,,,1,,143,2,3,5,8,,,,,,,,,,,,,,,,,,,,,,,,,,,,,,,,,,,,,,,,,,,,,,,,,,,
1901,Roone,false,,,In 286 AC,,,,,5,,,,,,,,,,,,,,,,,,,,,,,,,,,,,,,,,,,,,,,,,,,,,,,,,,,,,,,,,
1902,Roone,false,,,,,,,,3,,,5,,,,,,,,,Maester,,,,,,,,,,,,,,,,,,,,,,,,,,,,,,,,,,,,,,,,,,,,,
1903,Rorge,false,,Broken Nose,,"In 300 AC, at the inn at the crossroads",,,,2,Unknown extra Season 1Andy Beckwith Season 2 | Season 4,,3,5,,,Season 1,Season 2,Season 4,,,,,,,,,,The Mad Dog of Saltpans,The Hound (II),,,,,,,,,,,,,,,,,,,,,,,,,,,,,,,,,,,,,
1904,Roro Uhoris,false,Tyroshi,The Blind Bastard,,At Eastwatch-by-the-sea,,,,3,,,8,,,,,,,,,Captain of Cobblecat,,,,,,,,,,,,,,,,,,,,,,,,,,,,,,,,,,,,,,,,,,,,,
1905,Rose of Red Lake,false,,,,,,,,11,,,,,,,,,,,,,,,,,,,,,,,,,,,,,,,,,,,,,,,,,,,,,,,,,,,,,,,,,
1906,Rosey,true,,,"In 284 AC or 285 AC, at Oldtown",,,,,5,,,,,,,,,,,,,,,,,,,,,,,,,,,,,,,,,,,,,,,,,,,,,,,,,,,,,,,,,
1907,Rowan,false,Free folk,,,"In 300 AC, at Winterfell",,,,8,,,,,,,,,,,,,,,,,,,,,,,,,,,,,,,,,,,,,,,,,,,,,,,,,,,,,,,,,
1908,Rowan Gold-Tree,false,,,,,,,,11,,,,,,,,,,,,,,,,,,,,,,,,,,,,,,,,,,,,,,,,,,,,,,,,,,,,,,,,,
1909,Rudge,false,,,,,,,,1,,,,,,,,,,,,,,,,,,,,,,,,,,,,,,,,,,,,,,,,,,,,,,,,,,,,,,,,,
1910,Rufus Leek,false,,,,,,,,5,,334,8,,,,,,,,,Ser,Castellan of the Dun Fort,,,,,,,,,,,,,,,,,,,,,,,,,,,,,,,,,,,,,,,,,,,,
1911,Rugen,false,,,,,,,,1,,,3,5,,,,,,,,Undergaoler,,,,,,,,,,,,,,,,,,,,,,,,,,,,,,,,,,,,,,,,,,,,,
1912,Runciter,false,,,,In 112 AC,,,,10,,,,,,,,,,,,Grand Maester,,,,,,,,,,,,,,,,,,,,,,,,,,,,,,,,,,,,,,,,,,,,,
1913,Rus,false,Ironborn,,,,,,,5,,,,,,,,,,,,,,,,,,,,,,,,,,,,,,,,,,,,,,,,,,,,,,,,,,,,,,,,,
1914,Rusty Flowers,false,,,,,,,,8,,,,,,,,,,,,,,,,,,,,,,,,,,,,,,,,,,,,,,,,,,,,,,,,,,,,,,,,,
1915,Ryam,false,,,,,,,,5,,,,,,,,,,,,Archmaester,,,,,,,,,,,,,,,,,,,,,,,,,,,,,,,,,,,,,,,,,,,,,
1916,Ryger Rivers,false,,,,,,,,1,Bryan McCaugherty,143,2,3,5,8,Season 1,,,,,,,,,,,,,,,,,,,,,,,,,,,,,,,,,,,,,,,,,,,,,,,,,,
1917,Ryk,false,Free Folk,Longspear Ryk,,,,,1735,3,,,5,8,,,,,,,,,,,,,,,,,,,,,,,,,,,,,,,,,,,,,,,,,,,,,,,,,,,,,
1918,Ryles,false,,,,"In +/- 299 AC, at Beyond the Wall",,,,3,,,,,,,,,,,,,,,,,,,,,,,,,,,,,,,,,,,,,,,,,,,,,,,,,,,,,,,,,
1919,Rymolf,false,Ironborn,Rymolf Stormdrunk,,,,,,2,,169,,,,,,,,,,,,,,,,,,,,,,,,,,,,,,,,,,,,,,,,,,,,,,,,,,,,,,,
1920,Rymund,false,,Rymund the Rhymer,,,,,,2,,,3,,,,,,,,,,,,,,,,,,,,,,,,,,,,,,,,,,,,,,,,,,,,,,,,,,,,,,
1921,Ryn,false,,Anvyl Ryn,,At the Riverlands,,,,3,,,,,,,,,,,,,,,,,,,,,,,,,,,,,,,,,,,,,,,,,,,,,,,,,,,,,,,,,
1922,Ryon Allyrion,false,Dornish,,,,,,1129,3,,2,5,8,,,,,,,,Ser,,,,,,,,,,,,,,,,,,,,,,,,,,,,,,,,,,,,,,,,,,,,,
1923,S'vrone,true,Braavosi,,,,,,,5,,,8,,,,,,,,,,,,,,,,,,,,,,,,,,,,,,,,,,,,,,,,,,,,,,,,,,,,,,
1924,Saathos,false,,Saathos the Wise,,,,,,2,,,,,,,,,,,,,,,,,,,,,,,,,,,,,,,,,,,,,,,,,,,,,,,,,,,,,,,,,
1925,Salladhor Saan,false,Lysene,Salla,,,,,,2,Lucian Msamati,15,3,5,8,,Season 2,Season 3,Season 4,,,Prince of the Narrow Sea Lord of Blackwater Bay,,,,,,,,,,,,,,,,,,,,,,,,,,,,,,,,,,,,,,,,,,,,,
1926,Sallor,false,Qartheen,Sallor the Bald,,"In +/- 299 AC, at Yunkai",,,,3,,,,,,,,,,,,,,,,,,,,,,,,,,,,,,,,,,,,,,,,,,,,,,,,,,,,,,,,,
1927,Salloreon,false,,,,,,,,2,,,,,,,,,,,,,,,,,,,,,,,,,,,,,,,,,,,,,,,,,,,,,,,,,,,,,,,,,
1928,Sam Stoops,false,,,,,,,,6,,291,,,,,,,,,,,,,,,,,,,,,,,,,,,,,,,,,,,,,,,,,,,,,,,,,,,,,,,
1929,Samwell Stone,false,,Strong Sam Stone,,,,,,5,,328,,,,,,,,,,Ser Master-at-arms of Runestone,,,,,,,,,,,,,,,,,,,,,,,,,,,,,,,,,,,,,,,,,,,,,
1930,Sarella Sand,true,Dornish,,In 280 AC or 281 AC,,,,,3,,285,5,8,,,,,,,,,,,,,,,,,,,,,,,,,,,,,,,,,,,,,,,,,,,,,,,,,,,,,
1931,Satin,false,,,"In 280 AC or 281 AC, at Oldtown",,,,,2,,,3,5,8,,,,,,,,,,,,,,,,,,,,,,,,,,,,,,,,,,,,,,,,,,,,,,,,,,,,
1932,Sawwood,false,,,,,,,,3,,,,,,,,,,,,,,,,,,,,,,,,,,,,,,,,,,,,,,,,,,,,,,,,,,,,,,,,,
1933,Scarb,false,,,,At Meereen,,,,3,,,,,,,,,,,,,,,,,,,,,,,,,,,,,,,,,,,,,,,,,,,,,,,,,,,,,,,,,
1934,Sedgekins,false,,,,,,,,3,,,,,,,,,,,,,,,,,,,,,,,,,,,,,,,,,,,,,,,,,,,,,,,,,,,,,,,,,
1935,Selyse Florent,true,,Light of the North,,,,,1963,1,Sarah MacKeever,133,2,3,5,8,Season 2,Season 3,Season 4,,,Lady,Queen,,,,,,,,,,,,,,,15,,,,,,,,,,,,,,,,,,,,,,,,,Tara Fitzgerald,,,,
1936,Senelle,true,,,,In 300 AC,,,,5,,229,,,,,,,,,,,,,,,,,,,,,,,,,,,,,,,,,,,,,,,,,,,,,,,,,,,,,,,
1937,Serra,true,Lysene,,,At Pentos,,,1520,8,,,,,,,,,,,,,,,,,,,,,,,,,,,,,,,,,,,,,,,,,,,,,,,,,,,,,,,,,
1938,Shae,true,,,In 280 AC or 281 AC,"In 300 AC, at King's Landing",,,,1,Sibel Kekilli,,2,3,5,8,Season 1,Season 2,Season 3,Season 4,,,,,,,,,,,,,,,,,,,,,,,,,,,,,,,,,,,,,,,,,,,,,,,
1939,"Shagga, son of Dolf",false,Mountain clans,,,,,,,1,Mark Lewis Jones,,2,3,5,8,,,,,,,,,,,,,,,,,,,,,,,,,,,,,,,,,,,,,,,,,,,,,,,,,,,
1940,Shagwell,false,,Shagwell the Fool,,"In 300 AC, at near the Whispers",,,,2,,,3,5,,,,,,,,,,,,,,,,,,,,,,,,,,,,,,,,,,,,,,,,,,,,,,,,,,,,,
1941,Sharna,true,,,,,,,1518,3,,,5,,,,,,,,,,,,,,,,,,,,,,,,,,,,,,,,,,,,,,,,,,,,,,,,,,,,,,
1942,Shella,true,,,,,,,,1,,,,,,,,,,,,,,,,,,,,,,,,,,,,,,,,,,,,,,,,,,,,,,,,,,,,,,,,,
1943,Sherrit,false,,,,,,,,3,,,,,,,,,,,,King,,,,,,,,,,,,,,,,,,,,,,,,,,,,,,,,,,,,,,,,,,,,,
1944,Shiera Seastar,true,Westeros,,In or between 178 AC and 184 AC,,,,,11,,378,6,8,,,,,,,,,,,,,,,,,,,,,,,,,,,,,,,,,,,,,,,,,,,,,,,,,,,,,
1945,Shortear,false,,,,,,,,5,,229,,,,,,,,,,,,,,,,,,,,,,,,,,,,,,,,,,,,,,,,,,,,,,,,,,,,,,,
1946,Shyra,true,Northmen,,,,,,,2,,362,5,,,,,,,,,,,,,,,,,,,,,,,,,,,,,,,,,,,,,,,,,,,,,,,,,,,,,,
1947,Sigrin,false,Ironborn,Sigrin the Shipwright,,,,,,2,,169,3,,,,,,,,,,,,,,,,,,,,,,,,,,,,,,,,,,,,,,,,,,,,,,,,,,,,,,
1948,Skahaz mo Kandaq,false,Ghiscari,The Shavepate,At Meereen,,,,,8,,378,,,,,,,,,,,,,,,,,Skahaz Shavepate,,,,,,,,,,,,,,,,,,,,,,,,,,,,,,,,,,,,,,
1949,Skinner,false,,,,,,,,8,,34,,,,,,,,,,,,,,,,,,,,,,,,,,,,,,,,,,,,,,,,,,,,,,,,,,,,,,,
1950,Skittrick,false,Northmen,,,,,,,2,,362,,,,,,,,,,,,,,,,,,,,,,,,,,,,,,,,,,,,,,,,,,,,,,,,,,,,,,,
1951,Sky Blue Su,true,,,,,,,,3,,,,,,,,,,,,,,,,,,,,,,,,,,,,,,,,,,,,,,,,,,,,,,,,,,,,,,,,,
1952,Skyte,false,Ironborn,,,,,,,2,,,3,5,,,,,,,,,,,,,,,,,,,,,,,,,,,,,,,,,,,,,,,,,,,,,,,,,,,,,
1953,Sloey,true,Braavosi,,,,,,,5,,,,,,,,,,,,,,,,,,,,,,,,,,,,,,,,,,,,,,,,,,,,,,,,,,,,,,,,,
1954,Small Paul,false,,Cheese-for-wits,,"In 299 AC, at Beyond the Wall",,,,3,,,5,8,,,,,,,,,,,,,,,,,,,,,,,,,,,,,,,,,,,,,,,,,,,,,,,,,,,,,
1955,Softfoot,false,,,,"In 299 AC, at Beyond the Wall",,,,3,,,,,,,,,,,,,,,,,,,,,,,,,,,,,,,,,,,,,,,,,,,,,,,,,,,,,,,,,
1956,Soren,false,Free Folk,,,,,,,8,,,,,,,,,,,,,,,,,,,,,,,,,,,,,,,,,,,,,,,,,,,,,,,,,,,,,,,,,
1957,Spare Boot,false,,,,,,,,3,,,5,8,,,,,,,,,,,,,,,,,,,,,,,,,,,,,,,,,,,,,,,,,,,,,,,,,,,,,
1958,Spotted Cat,false,Ghiscari,,,,,,,8,,,,,,,,,,,,,,,,,,,,,,,,,,,,,,,,,,,,,,,,,,,,,,,,,,,,,,,,,
1959,Spotted Pate,false,,Spotted Pate of Maidenpool,,"In 299 AC, at Castle Black",,,,3,,,,,,,,,,,,,,,,,,,,,,,,,,,,,,,,,,,,,,,,,,,,,,,,,,,,,,,,,
1960,Squint,false,,,,"In 299 AC, at Winterfell",,,,2,,169,,,,,,,,,,,,,,,,,,,,,,,,,,,,,,,,,,,,,,,,,,,,,,,,,,,,,,,
1961,Squirrel,true,Free Folk,,At Beyond the Wall,"In 300 AC, at Winterfell",,,,8,,,,,,,,,,,,,,,,,,,,,,,,,,,,,,,,,,,,,,,,,,,,,,,,,,,,,,,,,
1962,Stalwart Shield,false,,,,"In 300 AC, at Meereen",,,,8,,,,,,,,,,,,,,,,,,,,,,,,,,,,,,,,,,,,,,,,,,,,,,,,,,,,,,,,,
1963,Stannis Baratheon,false,,The King in the Narrow Sea,264 AC,,986,230,1935,1,Stephen Dillane,,2,3,5,8,Season 2,Season 3,Season 4,Season 5,,Master of ships (formerly),Lord of Dragonstone,Lord of Storm's End,Lord Paramount of the Stormlands,King of Westeros,,,The King of the Painted Table,The King of Dragonstone,The King at the Wall,Azor Ahai reborncome again,975,,,,,,,,,,,,,,,,,,,,,,,,,,,,,,,,,,
1964,Stannis Seaworth,false,,,In 289 AC or 290 AC,,1319,1676,,2,,340,3,5,8,,,,,,,,,,,,,,,,,,,,,,,,,,,,,,,,,,,,,,,,,,,,,,,,,,,,
1965,Steeelskin,false,Ghiscari,,,,,,,8,,,,,,,,,,,,,,,,,,,,,,,,,,,,,,,,,,,,,,,,,,,,,,,,,,,,,,,,,
1966,Steely Pate,false,,,,,,,,4,,,7,,,,,,,,,,,,,,,,,,,,,,,,,,,,,,,,,,,,,,,,,,,,,,,,,,,,,,
1967,Steffon Seaworth,false,,,In 293 AC,,,,,2,,340,3,5,8,,,,,,,,,,,,,,,,,,,,,,,,,,,,,,,,,,,,,,,,,,,,,,,,,,,,
1968,Stiv,false,Free Folk,,,"In 298 AC, at the Wolfswood",,,,1,Stephen Don,,,,,,Season 1,,,,,,,,,,,,,,,,,,,,,,,,,,,,,,,,,,,,,,,,,,,,,,,,,,
1969,Stone Thumbs,false,Free Folk,,,"In 299 AC, at Castle Black",,,,3,,,,,,,,,,,,,,,,,,,,,,,,,,,,,,,,,,,,,,,,,,,,,,,,,,,,,,,,,
1970,Stonehand,false,Ironborn,,,,,,,5,,,8,,,,,,,,,,,,,,,,,,,,,,,,,,,,,,,,,,,,,,,,,,,,,,,,,,,,,,
1971,Stygg,false,,,,,,,,2,,169,3,,,,,,,,,,,,,,,,,,,,,,,,,,,,,,,,,,,,,,,,,,,,,,,,,,,,,,
1972,Styr,false,Free Folk,,,"In 300 AC, at Castle Black",,,,3,Yuri Kolokolnikov,,5,8,,,Season 4,,,,,Magnar of Thenn,,,,,,,,,,,,,,,,,,,,,,,,,,,,,,,,,,,,,,,,,,,,,
1973,Sybassion,false,Qartheen,"Blind Sybassion, the Eater of Eyes",,,,,,2,,,,,,,,,,,,,,,,,,,,,,,,,,,,,,,,,,,,,,,,,,,,,,,,,,,,,,,,,
1974,Sylas,false,,Sylas Sourmouth,,In 294 AC,,,,2,,169,,,,,,,,,,,,,,,,,,,,,,,,,,,,,,,,,,,,,,,,,,,,,,,,,,,,,,,
1975,Sylas Flatnose,false,Ironborn,,,,,,,5,,,,,,,,,,,,Iron King,King of the Iron Islands,,,,,,,,,,,,,,,,,,,,,,,,,,,,,,,,,,,,,,,,,,,,
1976,Symeon Star-Eyes,false,,,,,,,,4,,,1,2,3,5,,,,,,,,,,,,,,,,,,,,,8,,11,,,,,,,,,,,,,,,,,,,,,,,,,,,,
1977,Symon,false,,Symon Silver Tongue,,"In 299 AC, at King's Landing",,,,2,,,3,8,,,,,,,,,,,,,,,,,,,,,,,,,,,,,,,,,,,,,,,,,,,,,,,,,,,,,
1978,Symon Stripeback,false,,,,,,,,8,,378,,,,,,,,,,,,,,,,,,,,,,,,,,,,,,,,,,,,,,,,,,,,,,,,,,,,,,,
1979,Syrio Forel,false,Braavosi,,At Braavos,"In 298 AC, at King's Landing",,,,1,Miltos Yeromelou,362,2,3,5,8,Season 1,,,,,"First Sword to the Sealord of Braavos
Water Dancer",,,,,,,,,,,,,,,,,,,,,,,,,,,,,,,,,,,,,,,,,,,,,
1980,Tagganaro,false,Braavosi,,,,,,,5,,,,,,,,,,,,,,,,,,,,,,,,,,,,,,,,,,,,,,,,,,,,,,,,,,,,,,,,,
1981,Tal Toraq,false,Summer Isles,,,,,,,8,,378,,,,,,,,,,,,,,,,,,,,,,,,,,,,,,,,,,,,,,,,,,,,,,,,,,,,,,,
1982,Talea,true,Braavosi,,,,,,,5,,,,,,,,,,,,,,,,,,,,,,,,,,,,,,,,,,,,,,,,,,,,,,,,,,,,,,,,,
1983,Tanselle,true,Dornish,Tanselle Too-Tall,,,,,,4,,,6,7,,,,,,,,,,,,,,,,,,,,,,,,,,,,,,,,,,,,,,,,,,,,,,,,,,,,,
1984,Tansy,true,,,,,,,,3,,,5,,,,,,,,,,,,,,,,,,,,,,,,,,,,,,,,,,,,,,,,,,,,,,,,,,,,,,
1985,Tansy,true,,,,,,,,5,,,,,,,,,,,,,,,,,,,,,,,,,,,,,,,,,,,,,,,,,,,,,,,,,,,,,,,,,
1986,Tarber,false,,,,,,,,2,,,,,,,,,,,,,,,,,,,,,,,,,,,,,,,,,,,,,,,,,,,,,,,,,,,,,,,,,
1987,Tarle,false,Ironborn,Tarle the Thrice-Drowned,,,,,,5,,,,,,,,,,,,,,,,,,,,,,,,,,,,,,,,,,,,,,,,,,,,,,,,,,,,,,,,,
1988,Temmo,false,Dothraki,,In Century of Blood,"In Century of Blood, at the gates of Qohor",,,,3,,,,,,,,,,,,Khal,,,,,,,,,,,,,,,,,,,,,,,,,,,,,,,,,,,,,,,,,,,,,
1989,Teora Kyndall,true,,,,In 212 AC,,,1048,11,,223,,,,,,,,,,Lady of Casterly Rock,,,,,,,,,,,,,,,,229,,,,,,,,,,,,,,,,,,,,,,,,,,,,,
1990,Ternesio Terys,false,Braavosi,,,,,,,3,Gary Oliver,,5,,,,Season 4,,,,,Captain,,,,,,,,,,,,,,,,,,,,,,,,,,,,,,,,,,,,,,,,,,,,,
1991,Terro,false,Braavosi,,,,,,,5,,,,,,,,,,,,,,,,,,,,,,,,,,,,,,,,,,,,,,,,,,,,,,,,,,,,,,,,,
1992,The Nightingale,true,,,,,,,,5,,,,,,,,,,,,,,,,,,,,,,,,,,,,,,,,,,,,,,,,,,,,,,,,,,,,,,,,,
1993,The Smiling Knight,true,,,,,,,,3,,,5,,,,,,,,,,,,,,,,,,,,,,,,,,,,,,,,,,,,,,,,,,,,,,,,,,,,,,
1994,The Tickler,true,,the Tickler,,"In 300 AC, at Inn at the Crossroads",,,,2,Anthony Morris,72,3,5,8,,Season 2,,,,,,,,,,,,,,,,,,,,,,,,,,,,,,,,,,,,,,,,,,,,,,,,,,
1996,The Weeper,true,Free Folk,The Weeping Man,,,,,,2,,,3,5,8,,,,,,,,,,,,,,,,,,,,,,,,,,,,,,,,,,,,,,,,,,,,,,,,,,,,
1997,Theo Frey,false,,,,,,,,1,,143,,,,,,,,,,Ser,,,,,,,,,,,,,,,,,,,,,,,,,,,,,,,,,,,,,,,,,,,,,
1998,Theobald,false,,,,,,,,5,,,,,,,,,,,,Archmaester,Seneschal,,,,,,,,,,,,,,,,,,,,,,,,,,,,,,,,,,,,,,,,,,,,
1999,Theomore Lannister,false,,,At Lannisport,,,,,5,,255,8,,,,,,,,,Maester,,,,,,,,,,,,,,,,,,,,,,,,,,,,,,,,,,,,,,,,,,,,,
2000,Thistle,true,Free Folk,,,"In 300 AC, at Beyond the Wall",,,,8,,,,,,,,,,,,,,,,,,,,,,,,,,,,,,,,,,,,,,,,,,,,,,,,,,,,,,,,,
2001,Thormor Ironmaker,false,Ironborn,,,,,,,5,,210,,,,,,,,,,,,,,,,,,,,,,,,,,,,,,,,,,,,,,,,,,,,,,,,,,,,,,,
2002,Thoros of Myr,false,Myrish,The red wizard,,,,,,1,Paul Kaye,,2,3,5,8,Season 3,Season 6,,,,,,,,,,,The Ember,,,,,,,,,,,,,,,,,,,,,,,,,,,,,,,,,,,,,,
2003,Three Toes,false,,,,,,,,3,,,5,,,,,,,,,,,,,,,,,,,,,,,,,,,,,,,,,,,,,,,,,,,,,,,,,,,,,,
2004,Three-Tooth,true,Ironborn,,,,,,,5,,178,,,,,,,,,,Steward of Ten Towers,,,,,,,,,,,,,,,,,,,,,,,,,,,,,,,,,,,,,,,,,,,,,
2005,Tim Stone,false,,,,,,,,3,,,5,8,,,,,,,,,,,,,,,,,,,,,,,,,,,,,,,,,,,,,,,,,,,,,,,,,,,,,
2006,Tim Tangletongue,false,,,,,,,,3,,,5,8,,,,,,,,,,,,,,,,,,,,,,,,,,,,,,,,,,,,,,,,,,,,,,,,,,,,,
2007,Timeon,false,Dornish,Timeon of Dorne,At Dorne,"In 300 AC, at Whispers",,,,3,,,5,,,,,,,,,,,,,,,,,,,,,,,,,,,,,,,,,,,,,,,,,,,,,,,,,,,,,,
2008,Timett,false,Mountain clans,,,,,,,1,,,2,8,,,,,,,,,,,,,,,,,,,,,,,,,,,,,,,,,,,,,,,,,,,,,,,,,,,,,
2009,"Timett, son of Timett",false,Mountain clans,Timett One-Eye,In or between 278 AC and 282 AC,,,,,1,Tobias Winter,,2,3,8,,Season 1,Season 2,,,,Red Hand,,,,,,,,,,,,,,,,,,,,,,,,,,,,,,,,,,,,,,,,,,,,,
2010,Timon,false,,Timon the Scrapesword,,,,,,2,,,3,,,,,,,,,Ser,,,,,,,,,,,,,,,,,,,,,,,,,,,,,,,,,,,,,,,,,,,,,
2011,Timoth,false,,,,,,,,5,,285,,,,,,,,,,,,,,,,,,,,,,,,,,,,,,,,,,,,,,,,,,,,,,,,,,,,,,,
2012,Tobbot,false,,,,,,,,2,,72,,,,,,,,,,,,,,,,,,,,,,,,,,,,,,,,,,,,,,,,,,,,,,,,,,,,,,,
2013,Tobho Mott,false,Qohor,,,,,,,1,Andrew Wilde,,2,3,5,8,Season 1,,,,,,,,,,,,,,,,,,,,,,,,,,,,,,,,,,,,,,,,,,,,,,,,,,
2014,Todder,false,,Toad,,,,,,1,,,2,3,8,,,,,,,,,,,,,,,,,,,,,,,,,,,,,,,,,,,,,,,,,,,,,,,,,,,,
2015,Todric,false,,,,"In 299 AC, at the Stony Shore",,,,2,,,,,,,,,,,,,,,,,,,,,,,,,,,,,,,,,,,,,,,,,,,,,,,,,,,,,,,,,
2016,Toefinger,false,Free Folk,,,,,,,3,,,5,,,,,,,,,,,,,,,,,,,,,,,,,,,,,,,,,,,,,,,,,,,,,,,,,,,,,,
2017,Togg Joth,false,Ibbenese,,,,,,,3,,,5,,,,,,,,,,,,,,,,,,,,,,,,,,,,,,,,,,,,,,,,,,,,,,,,,,,,,,
2018,Tom of Sevenstreams,false,,Tom O'Sevens,In or between 240 AC and 249 AC,,,,,3,,,5,,,,,,,,,,,,,,,,Tom Sevenstrings,,,,,,,,,,,,,,,,,,,,,,,,,,,,,,,,,,,,,,
2019,TomToo,false,Northmen,,,,,,,2,,362,,,,,,,,,,,,,,,,,,,,,,,,,,,,,,,,,,,,,,,,,,,,,,,,,,,,,,,
2020,Tomard,false,Northmen,Fat Tom,In or between 249 AC and 253 AC,"In 298 AC, at King's Landing",,,,1,,362,2,3,8,,,,,,,,,,,,,,,,,,,,,,,,,,,,,,,,,,,,,,,,,,,,,,,,,,,,
2021,Tommard Heddle,false,,Black Tom Heddle,,"In 211 AC, at Whitewalls",,,,7,,190,,,,,,,,,,Ser,,,,,,,,,,,,,,,,55,,,,,,,,23,,,,,,,,,,,,,,,,,,,,,
2022,Toregg,false,Free Folk,Toregg the Tall,,,,,,3,,,5,8,,,,,,,,,,,,,,,,,,,,,,,,,,,,,,,,,,,,,,,,,,,,,,,,,,,,,
2023,Torghen Flint,false,Northern mountain clans,,,,,,,8,,129,,,,,,,,,,The Flint,Old Flint Lord Flint,,,,,,,,,,,,,,,,,,,,,,,,,,,,,,,,,,,,,,,,,,,,
2024,Tormund,false,Free Folk,Tormund Giantsbane,,,,,,3,Kristofer Hivju,,5,8,,,Season 3,Season 4,Season 5,Season 6,,Tall-talker,Horn-blower and Breaker of Ice,Husband to Bears,the Mead-king of Ruddy Hall,Speaker to Gods and Father of Hosts,,,Mead-King of Ruddy Hall,Tormund Thunderfist,Tormund Horn-Blower,Tormund Tall-Talker,,,,,,,,,,,,,,,Breaker of Ice,Husband to Bears,Speaker to Gods,Father of Hosts,,,,,,,,,,,,,,,,,
2025,Torrek,false,,,,,,,,1,,,,,,,,,,,,,,,,,,,,,,,,,,,,,,,,,,,,,,,,,,,,,,,,,,,,,,,,,
2026,Torwold,false,Ironborn,Torwold Browntooth,,,,,,5,,,8,,,,,,,,,,,,,,,,,,,,,,,,,,,,,,,,,,,,,,,,,,,,,,,,,,,,,,
2027,Torwynd,false,Free Folk,Torwynd the Tame,,In 300 AC,,,,3,,,5,8,,,,,,,,,,,,,,,,,,,,,,,,,,,,,,,,,,,,,,,,,,,,,,,,,,,,,
2028,Tothmure,false,,,,"In 299 AC, at Harrenhal",,,,2,,,,,,,,,,,,Maester,,,,,,,,,,,,,,,,,,,,,,,,,,,,,,,,,,,,,,,,,,,,,
2029,Tregar,false,,,,"In 298 AC, at King's Landing",,,,1,,229,,,,,,,,,,,,,,,,,,,,,,,,,,,,,,,,,,,,,,,,,,,,,,,,,,,,,,,
2030,Tregar Ormollen,false,Lysene,,,,,,,2,,,5,,,,,,,,,,,,,,,,,,,,,,,,,,,,,,,,,,,,,,,,,,,,,,,,,,,,,,
2031,Tristimun,false,,,,,,,,3,,,,,,,,,,,,Ser,,,,,,,,,,,,,,,,,,,,,,,,,,,,,,,,,,,,,,,,,,,,,
2032,Triston,false,,Triston of Tally Hill,,,,,,3,,372,5,8,,,,,,,,Ser,,,,,,,,,,,,,,,,,,,,,,,,,,,,,,,,,,,,,,,,,,,,,
2033,Triston Farwynd,false,Ironborn,,,,,,,5,,122,8,,,,,,,,,Lord of Sealskin Point,,,,,,,,,,,,,,,,,,,,,,,,,,,,,,,,,,,,,,,,,,,,,
2034,Tuffleberry,false,,,,,,,,2,,,,,,,,,,,,,,,,,,,,,,,,,,,,,,,,,,,,,,,,,,,,,,,,,,,,,,,,,
2035,Tumberjon,false,,,,,,,,3,,,,,,,,,,,,,,,,,,,,,,,,,,,,,,,,,,,,,,,,,,,,,,,,,,,,,,,,,
2036,Tumco Lho,false,Ghiscari,Tum,At Basilisk Isles,,,,,8,,,,,,,,,,,,Ser,,,,,,,,,,,,,,,,,,,,,,,,,,,,,,,,,,,,,,,,,,,,,
2037,Turnip,true,Northmen,,,,,,,2,,362,5,,,,,,,,,,,,,,,,,,,,,,,,,,,,,,,,,,,,,,,,,,,,,,,,,,,,,,
2038,Turquin,false,,,,,,,,3,,,,,,,,,,,,Maester,,,,,,,,,,,,,,,,,,,,,,,,,,,,,,,,,,,,,,,,,,,,,
2039,Tybero Istarion,false,,Inkpots,,,,,,8,,,,,,,,,,,,,,,,,,,,,,,,,,,,,,,,,,,,,,,,,,,,,,,,,,,,,,,,,
2040,Tycho Nestoris,false,Braavosi,The Braavosi,,,,,,8,Mark Gatiss,,,,,,Season 4,Season 5,,,,,,,,,,,,,,,,,,,,,,,,,,,,,,,,,,,,,,,,,,,,,,,,,
2041,Tyene Sand,true,Dornish,,In 276 AC or 277 AC,,,,,3,Rosabell Laurenti Sellers,285,5,8,,,Season 5,Season 6,,,,,,,,,,,,,,,,,,,,,,,,,,,,,,,,,,,,,,,,,,,,,,,,,
2042,Tymor,false,,,,,,,,2,,169,,,,,,,,,,,,,,,,,,,,,,,,,,,,,,,,,,,,,,,,,,,,,,,,,,,,,,,
2043,Tyrion Tanner,false,,,"In 300 AC, at Stokeworth",,,,,5,,364,8,,,,,,,,,,,,,,,,,,,,,,,,,,,,,,,,,,,,,,,,,,,,,,,,,,,,,,
2044,Tysha,true,,Lady Tysha of House Silverfist,In 271 AC or 272 AC,,,,1052,1,,,2,3,8,,,,,,,,,,,,,,,,,,,,,,,,,,,,,,,,,,,,,,,,,,,,,,,,,,,,
2045,Tytos Blackwood,false,,,At Raventree Hall,,,,,1,,27,2,3,5,8,,,,,,Lord of Raventree Hall,,,,,,,,,,,,,,,,,,,,,,,,,,,,,,,,,,,,,,,,,,,,,
2046,Ulf,false,Ironborn,Ulf the Ill,,"In 299 AC, at Winterfell",,,,2,,169,,,,,,,,,,,,,,,,,,,,,,,,,,,,,,,,,,,,,,,,,,,,,,,,,,,,,,,
2047,Ulf son of Umar,false,Mountain clans,,,"In 298 AC, at the Green Fork",,,,1,,,,,,,,,,,,,,,,,,,,,,,,,,,,,,,,,,,,,,,,,,,,,,,,,,,,,,,,,
2048,Ulf the White,false,,Ulf White,,"In 130 AC, at Tumbleton",,,,11,,,9,,,,,,,,,Ser,Lord of Bitterbridge,,,,,,Ulf the Sot,The Betrayer,,,,,,,,,,,,,,,,,,,,,,,,,,,,,,,,,,,,,
2049,Uller,false,Ironborn,,,,,,,2,,169,3,5,,,,,,,,,,,,,,,,,,,,,,,,,,,,,,,,,,,,,,,,,,,,,,,,,,,,,
2050,Ulmer,false,,Ulmer of the Kingswood,,,,,,3,,,5,8,,,,,,,,,,,,,,,,,,,,,,,,,,,,,,,,,,,,,,,,,,,,,,,,,,,,,
2051,Umar,false,Mountain clans,,,,,,,1,,,,,,,,,,,,,,,,,,,,,,,,,,,,,,,,,,,,,,,,,,,,,,,,,,,,,,,,,
2052,Umfred,false,,,,,,,,3,,11,,,,,,,,,,,,,,,,,,,,,,,,,,,,,,,,,,,,,,,,,,,,,,,,,,,,,,,
2053,Umma,true,,,,,,,,5,,,,,,,,,,,,,,,,,,,,,,,,,,,,,,,,,,,,,,,,,,,,,,,,,,,,,,,,,
2054,Unknown,false,Westeros,,In 195 AC or 196 AC,,,,113,7,,143,,,,,,,,,,Lady,,,,,,,,,,,,,,,,55,,,,,,,,,,,,,,,,,,,,,,,,,,,,,
2055,Urek Ironmaker,false,Ironborn,,,,,,,5,,210,,,,,,,,,,,,,,,,,,,,,,,,,,,,,,,,,,,,,,,,,,,,,,,,,,,,,,,
2056,Urras Greyiron,false,,Urras Ironfoot,", at Orkmont",,,,,5,,,11,,,,,,,,,High King of the Iron Islands,Salt King of Orkmont,,,,,,,,,,,,,,,,,,,,,,,,,,,,,,,,,,,,,,,,,,,,
2057,Urrathon,false,Qartheen,Urrathon Night-Walker,,,,,,2,,,,,,,,,,,,,,,,,,,,,,,,,,,,,,,,,,,,,,,,,,,,,,,,,,,,,,,,,
2058,Urreg,false,,,,,,,,2,,,,,,,,,,,,,,,,,,,,,,,,,,,,,,,,,,,,,,,,,,,,,,,,,,,,,,,,,
2059,Urron Greyiron,false,Ironborn,Urron Redhand,,,,,,11,,,1,,,,,,,,,Iron King,King of the Iron Islands,Salt king of Orkmont,,,,,,,,,,,,,,,,,,,,,,,,,,,,,,,,,,,,,,,,,,,
2060,Urswyck,false,,Urswyck the Faithful,,,,,,3,,,5,,,,,,,,,,,,,,,,Faithful Urswyck,,,,,,,,,,,,,,,,,,,,,,,,,,,,,,,,,,,,,,
2061,Urzen,false,Ironborn,,,,,,,2,,169,,,,,,,,,,,,,,,,,,,,,,,,,,,,,,,,,,,,,,,,,,,,,,,,,,,,,,,
2062,Uthor of the High Tower,false,,,,,,,1672,,,,,,,,,,,,,King of the High Tower,,,,,,,,,,,,,,,,,,,,,,,,,,,,,,,,,,,,,,,,,,,,,
2063,Utt,false,,,,"In 299 AC, at the burning septry",,,,2,,,3,,,,,,,,,Septon,,,,,,,,,,,,,,,,,,,,,,,,,,,,,,,,,,,,,,,,,,,,,
2064,Vaellyn,false,,'Vinegar' Vaellyn,,,,,,5,,,,,,,,,,,,Archmaester,,,,,,,,,,,,,,,,,,,,,,,,,,,,,,,,,,,,,,,,,,,,,
2065,Val,true,Free Folk,The wildling princess,,,,,,3,,,5,8,,,,,,,,,,,,,,,Lady Val,,,,,,,,,,,,,,,,,,,,,,,,,,,,,,,,,,,,,,
2066,Varamyr,false,Free Folk,Varamyr Sixskins,At a village Beyond the Wall,"In 300 AC, at a village Beyond the Wall",,,,3,,,,,,,,,,,,,,,,,,,Haggon,Lump,,,,,,,,,,,,,,,8,,,,,,,,,,,,,,,,,,,,,,
2067,Vargo Hoat,false,Qohor,The goat Goat of Harrenhal The Crippler The Qohorik,,"In 300 AC, at Harrenhal",,,,1,,,2,3,5,,,,,,,Lord of Harrenhal,,,,,,,,,,,,,,,,,,,,,,,,,,,,,,,,,,,,,,,,,,,,,
2068,Varly,false,Northmen,,,"In 298 AC, at King's Landing",,,,1,,362,,,,,,,,,,,,,,,,,,,,,,,,,,,,,,,,,,,,,,,,,,,,,,,,,,,,,,,
2069,Varys,false,,The Spider,At Lys,,,,,1,Conleth Hill,,2,3,5,8,Season 1,Season 2,Season 3,Season 4,Season 5,Master of Whisperers,,,,,,,The Eunuch,Rugen,Varys of Lys,,,,,,,,,,,,,,,,,,,,,,,,,,,,,,,Season 6,,,,,
2070,Violet,true,,,,,,,,3,,,,,,,,,,,,,,,,,,,,,,,,,,,,,,,,,,,,,,,,,,,,,,,,,,,,,,,,,
2071,Visenya Targaryen,true,Valyrian,,"In 28 BC or 29 BC, at Dragonstone",In 44 AC,,,38,11,,378,1,2,3,5,,,,,,Queen,Dowager Queen,,,,,,,,,,,,,,8,,,,,,,,,,,,,,,,,,,,,,,,,,,,,,
2072,Vylarr,false,,,,,,,,2,,229,3,5,8,,,,,,,Captain of Lannister household guard,,,,,,,,,,,,,,,,,,,,,,,,,,,,,,,,,,,,,,,,,,,,,
2073,Vyman,false,,,,,,,,1,,,2,3,5,8,,,,,,Maester,,,,,,,,,,,,,,,,,,,,,,,,,,,,,,,,,,,,,,,,,,,,,
2074,Walder Vance,false,,,In or between 263 AC and 291 AC,,,,,2,,,3,5,,,,,,,,,,,,,,,,,,,,,,,,,,,,,,,,,,,,,,,,,,,,,,,,,,,,,
2075,Walgrave,false,,,,,,,,11,,,5,,,,,,,,,Archmaester,,,,,,,,,,,,,,,,,,,,,,,,,,,,,,,,,,,,,,,,,,,,,
2076,Wallen,false,,,,"In 298 AC, at Wolfswood",,,,1,,,,,,,,,,,,,,,,,,,,,,,,,,,,,,,,,,,,,,,,,,,,,,,,,,,,,,,,,
2077,Walton,false,,Steelshanks Walton,,,,,,2,Jamie Michie,34,3,5,8,,Season 3,,,,,,,,,,,,,,,,,,,,,,,,,,,,,,,,,,,,,,,,,,,,,,,,,,
2078,Walys Flowers,false,Reach,,,In before 283 AC,,,,8,,,,,,,,,,,,Maester,,,,,,,,,,,,,,,,,,,,,,,,,,,,,,,,,,,,,,,,,,,,,
2079,Wat,false,,Wat Barleycorn,,,,,,6,,291,,,,,,,,,,,,,,,,,,,,,,,,,,,,,,,,,,,,,,,,,,,,,,,,,,,,,,,
2080,Wat,false,,Blue Bard,,,,,,5,,398,8,,,,,,,,,,,,,,,,,,,,,,,,,,,,,,,,,,,,,,,,,,,,,,,,,,,,,,
2081,Wat,false,,,,,,,,5,,,,,,,,,,,,,,,,,,,,,,,,,,,,,,,,,,,,,,,,,,,,,,,,,,,,,,,,,
2082,Wat,false,,,,,,,,5,,,,,,,,,,,,,,,,,,,,,,,,,,,,,,,,,,,,,,,,,,,,,,,,,,,,,,,,,
2083,Wat,false,,,,,,,,6,,291,,,,,,,,,,,,,,,,,,,,,,,,,,,,,,,,,,,,,,,,,,,,,,,,,,,,,,,
2084,Wat,false,,Wet Wat,,,,,,6,,291,,,,,,,,,,,,,,,,,,,,,,,,,,,,,,,,,,,,,,,,,,,,,,,,,,,,,,,
2085,Wat,false,,Whitesmile Wat,,,,,,2,,229,3,5,8,,,,,,,,,,,,,,,,,,,,,,,,,,,,,,,,,,,,,,,,,,,,,,,,,,,,
2086,Wate,false,,,,,,,,4,,378,,,,,,,,,,,,,,,,,,,,,,,,,,,,,,,,,,,,,,,,,,,,,,,,,,,,,,,
2087,Watt,false,,Watt of Long Lake,,"In 299 AC, at Bridge of Skulls",,,,3,,,,,,,,,,,,,,,,,,,,,,,,,,,,,,,,,,,,,,,,,,,,,,,,,,,,,,,,,
2088,Watty,false,,Watty the Miller,,,,,,3,,,5,,,,,,,,,,,,,,,,,,,,,,,,,,,,,,,,,,,,,,,,,,,,,,,,,,,,,,
2089,Wayn,false,Northmen,,,,,,,1,,362,,,,,,,,,,,,,,,,,,,,,,,,,,,,,,,,,,,,,,,,,,,,,,,,,,,,,,,
2090,Weasel,true,,,In 296 AC or 297 AC,,,,,2,,,,,,,,,,,,,,,,,,,,,,,,,,,,,,,,,,,,,,,,,,,,,,,,,,,,,,,,,
2091,Weese,false,,,,"In 299 AC, at Harrenhal",,,,2,,427,3,5,,,,,,,,,,,,,,,,,,,,,,,,229,,,,,,,,,,,,,,,,,,,,,,,,,,,,,
2092,Wenda,true,,Wenda the White Fawn,,,,,,3,,,5,,,,,,,,,,,,,,,,,,,,,,,,,,,,,,,,,,,,,,,,,,,,,,,,,,,,,,
2093,Wendamyr,false,,,,,,,,2,,169,3,5,,,,,,,,Maester,,,,,,,,,,,,,,,,,,,,,,,,,,,,,,,,,,,,,,,,,,,,,
2094,Wendell Webber,false,,,,,,,,6,,419,,,,,,,,,,Ser,,,,,,,,,,,,,,,,,,,,,,,,,,,,,,,,,,,,,,,,,,,,,
2095,Wendello Qar Deeth,false,Qartheen,,,,,,,2,,,,,,,,,,,,,,,,,,,,,,,,,,,,,,,,,,,,,,,,,,,,,,,,,,,,,,,,,
2096,Werlag,false,Ironborn,,,,,,,2,,169,,,,,,,,,,,,,,,,,,,,,,,,,,,,,,,,,,,,,,,,,,,,,,,,,,,,,,,
2097,Wex Pyke,false,Ironborn,,In 286 AC,,,,,2,,36,3,5,8,,,,,,,,,,,,,,,,,,,,,,,,,,,,,,,,,,,,,,,,,,,,,,,,,,,,
2098,Wilbert,false,,,,In 298 AC,,,,3,,,,,,,,,,,,Ser,,,,,,,,,,,,,,,,,,,,,,,,,,,,,,,,,,,,,,,,,,,,,
2099,Will,false,,Fletcher Will,,At Riverlands,,,,3,,,,,,,,,,,,,,,,,,,,,,,,,,,,,,,,,,,,,,,,,,,,,,,,,,,,,,,,,
2100,Will,false,,Hookface Will,,In 299 AC,,,,3,,15,,,,,,,,,,,,,,,,,,,,,,,,,,,,,,,,,,,,,,,,,,,,,,,,,,,,,,,
2101,Will,false,,,,,,,,5,,,,,,,,,,,,,,,,,,,,,,,,,,,,,,,,,,,,,,,,,,,,,,,,,,,,,,,,,
2102,Will,false,,,,,,,,7,,,,,,,,,,,,,,,,,,,,,,,,,,,,,,,,,,,,,,,,,,,,,,,,,,,,,,,,,
2103,Will,false,,,,,,,,6,,291,,,,,,,,,,,,,,,,,,,,,,,,,,,,,,,,,,,,,,,,,,,,,,,,,,,,,,,
2104,Will,false,,Will the Stork,,"In 299 AC, at Blackwater Rush",,,,5,,,,,,,,,,,,Ser,,,,,,,,,,,,,,,,,,,,,,,,,,,,,,,,,,,,,,,,,,,,,
2105,Will,false,,Treb,,,,,,6,,291,,,,,,,,,,,,,,,,,,,,,,,,,,,,,,,,,,,,,,,,,,,,,,,,,,,,,,,
2106,Will Humble,false,Ironborn,,,,,,,5,,205,,,,,,,,,,,,,,,,,,,,,,,,,,,,,,,,,,,,,,,,,,,,,,,,,,,,,,,
2107,Willam,false,,,,At Stepstones,,,,5,,,,,,,,,,,,,,,,,,,,,,,,,,,,,,,,,,,,,,,,,,,,,,,,,,,,,,,,,
2108,Willam Wells,false,Dornish,,,"In 300 AC, at Disputed Lands",,,,8,,420,,,,,,,,,,Ser,,,,,,,,,,,,,,,,,,,,,,,,,,,,,,,,,,,,,,,,,,,,,
2109,Willamen Frey,false,,,In or between 272 AC and 280 AC,,,,,2,,,3,5,8,,,,,,,Maester,,,,,,,,,,,,,,,,,,,,,,,,,,,,,,,,,,,,,,,,,,,,,
2110,Willifer,false,,,,,,,,5,,,,,,,,,,,,Archmaester,,,,,,,,,,,,,,,,,,,,,,,,,,,,,,,,,,,,,,,,,,,,,
2111,Willit,false,,,,,,,,2,,374,,,,,,,,,,,,,,,,,,,,,,,,,,,,,,,,,,,,,,,,,,,,,,,,,,,,,,,
2112,Willow,true,Free Folk,Willow Witch-eye,,"In 300 AC, at Winterfell",,,,8,,,,,,,,,,,,,,,,,,,,,,,,,,,,,,,,,,,,,,,,,,,,,,,,,,,,,,,,,
2113,Willow Heddle,true,,,In 289 AC or 290 AC,,,,,5,,,,,,,,,,,,,,,,,,,,,,,,,,,,,,,,,,,,,,,,,,,,,,,,,,,,,,,,,
2114,Willum,false,,,,,,,,1,,,,,,,,,,,,Ser,,,,,,,,,,,,,,,,,,,,,,,,,,,,,,,,,,,,,,,,,,,,,
2115,Wolmer,false,,,,,,,,6,,419,,,,,,,,,,,,,,,,,,,,,,,,,,,,,,,,,,,,,,,,,,,,,,,,,,,,,,,
2116,Woth,false,,,,"In 299 AC, at Gods Eye",,,,2,,,,,,,,,,,,,,,,,,,,,,,,,,,,,,,,,,,,,,,,,,,,,,,,,,,,,,,,,
2117,Wulfe,false,Ironborn,Wulfe One-Ear,,,,,,5,,169,8,,,,,,,,,,,,,,,,,,,,,,,,,,,,,,,,,,,,,,,,,,,,,,,,,,,,,,
2118,Wun Weg Wun Dar Wun,false,,Wun Wun,At Beyond the Wall,,,,,8,Ian Whyte,,,,,,Season 5,Season 6,,,,,,,,,,,,,,,,,,,,,,,,,,,,,,,,,,,,,,,,,,,,,,,,,
2119,Wyl,false,Northmen,,,"In 298 AC, at King's Landing",,,,1,,362,,,,,,,,,,,,,,,,,,,,,,,,,,,,,,,,,,,,,,,,,,,,,,,,,,,,,,,
2120,Wyl,false,,Blind Wyl the Whittler,,At Riverlands,,,,3,,,,,,,,,,,,,,,,,,,,,,,,,,,,,,,,,,,,,,,,,,,,,,,,,,,,,,,,,
2121,Wylla,true,,,,,,,,1,,99,3,,,,,,,,,,,,,,,,,,,,,,,,,,,,,,,,,,,,,,,,,,,,,,,,,,,,,,
2122,Xaro Xhoan Daxos,false,Qartheen,,,,,,,2,Nonso Anozie,,3,5,8,,Season 2,,,,,,,,,,,,,,,,,,,,,,,,,,,,,,,,,,,,,,,,,,,,,,,,,,
2123,Xhondo,false,Summer Isles,,,,,,,5,,,,,,,,,,,,,,,,,,,,,,,,,,,,,,,,,,,,,,,,,,,,,,,,,,,,,,,,,
2124,Yandry,false,,,,,,,2132,8,,378,,,,,,,,,,,,,,,,,,,,,,,,,,,,,,,,,,,,,,,,,,,,,,,,,,,,,,,
2125,Ygon,false,Free Folk,Ygon Oldfather,,,,,,8,,,,,,,,,,,,,,,,,,,,,,,,,,,,,,,,,,,,,,,,,,,,,,,,,,,,,,,,,
2126,Ygritte,true,Free Folk,,In 280 AC,"In 299 AC, at Castle Black",,,,2,Rose Leslie,,3,5,8,,Season 2,Season 3,Season 4,,,,,,,,,,,,,,,,,,,,,,,,,,,,,,,,,,,,,,,,,,,,,,,,
2127,Yna,true,,Yna One-Eye,,,,,,5,,,,,,,,,,,,,,,,,,,,,,,,,,,,,,,,,,,,,,,,,,,,,,,,,,,,,,,,,
2128,Yorkel,false,,,,,,,,4,,378,,,,,,,,,,,,,,,,,,,,,,,,,,,,,,,,,,,,,,,,,,,,,,,,,,,,,,,
2129,Yorko Terys,false,Braavosi,,,,,,,5,,,,,,,,,,,,,,,,,,,,,,,,,,,,,,,,,,,,,,,,,,,,,,,,,,,,,,,,,
2130,Yormwell,false,,,,,,,,4,,,,,,,,,,,,Maester,,,,,,,,,,,,,,,,,,,,,,,,,,,,,,,,,,,,,,,,,,,,,
2131,Young Henly,false,,,In or between 240 AC and 248 AC,"In 299 AC, at Castle Black",,,,3,,,,,,,,,,,,,,,,,,,,,,,,,,,,,,,,,,,,,,,,,,,,,,,,,,,,,,,,,
2132,Ysilla,true,,,,,,,2124,8,,,,,,,,,,,,,,,,,,,,,,,,,,,,,,,,,,,,,,,,,,,,,,,,,,,,,,,,,
2133,Zarabelo,false,,,,,,,,5,,,,,,,,,,,,Archmaester,,,,,,,,,,,,,,,,,,,,,,,,,,,,,,,,,,,,,,,,,,,,,
2134,Zei,true,,,,,,,,3,,,,,,,,,,,,,,,,,,,,,,,,,,,,,,,,,,,,,,,,,,,,,,,,,,,,,,,,,
2135,Zekko,false,Dothraki,,,,,,,8,,,,,,,,,,,,Khal,,,,,,,,,,,,,,,,,,,,,,,,,,,,,,,,,,,,,,,,,,,,,
2136,Zharaq zo Loraq,false,Ghiscari,The Liberator,,,,,,8,,,,,,,,,,,,,,,,,,,,,,,,,,,,,,,,,,,,,,,,,,,,,,,,,,,,,,,,,
2137,Zollo,false,Dothraki,Zollo the Fat,,,,,,3,,,5,,,,,,,,,,,,,,,,,,,,,,,,,,,,,,,,,,,,,,,,,,,,,,,,,,,,,,
2138,Criston Cole,false,Stormlands,Criston the Kingmaker,"In 82 AC, at Blackhaven","In 130 AC, at the Butcher's Ball south of the Gods Eye",,,,11,,77,10,9,5,,,,,,,Ser,Lord Commander of the Kingsguard,Hand of the King,,,,,,,,,,,,,,,,,,,,,,,,,,,,,,,,,,,,,,,,,,,
